 0.0747290, 0.0000000, 0.6466300, 0.0000000, 0.6749000, 0.5280700, 0.8249200, 0.1459300, 1.0000000, 0.9141200, 0.8085100, 1.0000000, 0.3383000,19.5000000
 0.0295510, 0.0000000, 0.3460400, 0.0000000, 0.3271600, 0.2705500, 0.3594200, 0.1263800, 0.1304300, 0.2232800, 0.6170200, 0.8828700, 0.3010500,16.1000000
 0.0023991, 0.0000000, 0.2364400, 0.0000000, 0.1296300, 0.3910700, 0.6086500, 0.4508600, 0.0869570, 0.0877860, 0.5638300, 1.0000000, 0.3992800,19.4000000
 0.0009981, 0.0000000, 0.4534500, 0.0000000, 0.1070000, 0.5221300, 0.4335700, 0.3067200, 0.1739100, 0.4026700, 0.6489400, 0.9655300, 0.1989500,21.4000000
 0.0017134, 0.0000000, 0.3794000, 0.0000000, 0.0576130, 0.4598600, 0.1503600, 0.3780800, 0.1304300, 0.2251900, 0.7021300, 0.9496700, 0.2248900,21.7000000
 0.0012871, 0.0000000, 0.0890760, 0.0000000, 0.1234600, 0.8637700, 0.7528300, 0.2151200, 0.0434780, 0.1698500, 0.5744700, 1.0000000, 0.0684330,38.7000000
 0.1198800, 0.0000000, 0.6466300, 0.0000000, 0.7304500, 0.5552800, 0.9464500, 0.0780490, 1.0000000, 0.9141200, 0.8085100, 0.1077700, 0.6139600,11.8000000
 0.0028417, 0.0000000, 0.7855600, 0.0000000, 0.4917700, 0.4085100, 0.9588100, 0.0598990, 0.1304300, 0.4771000, 0.9148900, 0.9879200, 0.4266000,16.2000000
 0.0063951, 0.0000000, 0.2104100, 0.0000000, 0.2510300, 0.9151200, 0.7250300, 0.2463200, 0.3043500, 0.2290100, 0.5106400, 0.9722900, 0.0204190,41.7000000
 0.0008505, 0.0000000, 0.4934000, 0.0000000, 0.1070000, 0.4690600, 0.4057700, 0.3976700, 0.1304300, 0.1946600, 0.3617000, 1.0000000, 0.2392400,21.7000000
 0.0155300, 0.0000000, 0.2815200, 0.0000000, 0.3148100, 0.4577500, 0.8146200, 0.2601100, 0.1304300, 0.2290100, 0.8936200, 0.5857100, 0.7168900,13.2000000
 0.0014561, 0.0000000, 0.3713300, 1.0000000, 0.2139900, 0.4795900, 0.5787800, 0.2827700, 0.1304300, 0.1717600, 0.6383000, 0.9607100, 0.3567900,24.4000000
 0.7633400, 0.0000000, 0.6466300, 0.0000000, 0.6337400, 0.4065900, 1.0000000, 0.0268980, 1.0000000, 0.9141200, 0.8085100, 0.9699200, 0.5863700, 5.0000000
 0.0011270, 0.8000000, 0.0531520, 0.0000000, 0.0576130, 0.4550700, 0.1709600, 0.8598900, 0.1304300, 0.2805300, 1.0000000, 0.9474000, 0.1059600,20.6000000
 0.0009742, 0.0000000, 0.9233900, 0.0000000, 0.4032900, 0.4598600, 0.9268800, 0.0870520, 0.0434780, 0.0019084, 0.6914900, 0.9525700, 0.4470200,20.5000000
 0.0110390, 0.0000000, 0.2815200, 0.0000000, 0.3148100, 0.4315000, 1.0000000, 0.2696800, 0.1304300, 0.2290100, 0.8936200, 0.9940500, 0.5008300,14.5000000
 0.0084894, 0.2000000, 0.1286700, 0.0000000, 0.5390900, 0.3830200, 0.6168900, 0.0779220, 0.1739100, 0.1469500, 0.0425530, 0.9886500, 0.2406200,22.8000000
 0.0009076, 0.0000000, 0.4534500, 0.0000000, 0.1070000, 0.4941600, 0.4418100, 0.2692500, 0.1739100, 0.4026700, 0.6489400, 0.9749400, 0.2356500,20.8000000
 0.0241510, 0.0000000, 0.7008800, 0.0000000, 1.0000000, 0.3960500, 1.0000000, 0.0351920, 0.1739100, 0.4122100, 0.2234000, 0.4260200, 0.4117000,15.6000000
 0.0059323, 0.2000000, 0.1286700, 0.0000000, 0.5390900, 0.7585700, 0.8908300, 0.0918620, 0.1739100, 0.1469500, 0.0425530, 0.9784900, 0.1525900,43.1000000
 0.0015059, 0.2200000, 0.1979500, 0.0000000, 0.0946500, 0.5606400, 0.1040200, 0.5699000, 0.2608700, 0.2729000, 0.6914900, 0.9984400, 0.1150700,24.4000000
 0.0396620, 0.0000000, 0.7008800, 1.0000000, 1.0000000, 0.4964600, 0.8208000, 0.0560070, 0.1739100, 0.4122100, 0.2234000, 0.2211200, 0.3667200,15.6000000
 0.0014033, 0.0000000, 0.2969200, 0.0000000, 0.2777800, 0.4916700, 0.8475800, 0.0902800, 0.1739100, 0.3759500, 0.8829800, 0.9767800, 0.3410600,20.4000000
 0.0006086, 0.0000000, 0.0733140, 0.0000000, 0.2119300, 0.4966500, 0.6786800, 0.1955200, 0.0869570, 0.0114500, 0.5531900, 0.9753100, 0.3151200,29.6000000
 0.0970940, 0.0000000, 0.6466300, 0.0000000, 0.6337400, 0.5043100, 0.9237900, 0.0601620, 1.0000000, 0.9141200, 0.8085100, 1.0000000, 0.3708600,13.8000000
 0.0137820, 0.0000000, 0.2815200, 0.0000000, 0.3148100, 0.4945400, 0.9145200, 0.2589200, 0.1304300, 0.2290100, 0.8936200, 1.0000000, 0.4688200,15.2000000
 0.1149500, 0.0000000, 0.6466300, 0.0000000, 0.4711900, 0.5027800, 0.9660100, 0.0946540, 1.0000000, 0.9141200, 0.8085100, 0.9566300, 0.4497800,14.6000000
 0.0073096, 0.2000000, 0.1286700, 0.0000000, 0.5390900, 0.6286600, 1.0000000, 0.0801230, 0.1739100, 0.1469500, 0.0425530, 0.9874700, 0.1426600,30.1000000
 0.0571410, 0.0000000, 0.6466300, 0.0000000, 0.6749000, 0.5242400, 0.9155500, 0.1126300, 1.0000000, 0.9141200, 0.8085100, 0.9702200, 0.4288100,16.1000000
 0.0012220, 0.0000000, 0.0890760, 0.0000000, 0.1234600, 0.4985600, 0.6869200, 0.2151200, 0.0434780, 0.1698500, 0.5744700, 0.9872200, 0.2651800,21.4000000
 0.0019277, 0.0000000, 0.3383400, 0.0000000, 0.4115200, 0.3847500, 0.7270900, 0.1155100, 0.2173900, 0.3893100, 0.7021300, 0.9971500, 0.3689300,17.5000000
 0.0003913, 0.2500000, 0.1612900, 0.0000000, 0.0843620, 0.6066300, 0.3151400, 0.3883900, 0.1304300, 0.1793900, 0.6808500, 1.0000000, 0.0982340,28.0000000
 0.0003798, 0.8000000, 0.0388560, 0.0000000, 0.0390950, 0.7139300, 0.3213200, 0.5619200, 0.0434780, 0.2709900, 0.0000000, 1.0000000, 0.0648450,33.3000000
 0.0080868, 0.0000000, 0.2815200, 0.0000000, 0.3148100, 0.4150200, 0.6858900, 0.2425100, 0.1304300, 0.2290100, 0.8936200, 0.9850000, 0.2635200,18.2000000
 0.0007432, 0.6000000, 0.0450880, 0.0000000, 0.0534980, 0.4451000, 0.1606600, 0.8712200, 0.1304300, 0.4274800, 0.6063800, 0.9884800, 0.1672200,18.6000000
 0.0009028, 0.4500000, 0.1092400, 0.0000000, 0.1070000, 0.6930400, 0.2409900, 0.4865200, 0.1739100, 0.4026700, 0.2766000, 0.9838400, 0.0314570,36.4000000
 0.0018899, 0.0000000, 0.3713300, 1.0000000, 0.2139900, 0.4596700, 0.9186400, 0.2498400, 0.1304300, 0.1717600, 0.6383000, 0.9908000, 0.4288100,21.7000000
 0.0002645, 0.0000000, 0.0630500, 0.0000000, 0.1502100, 0.5497200, 0.5746700, 0.4485400, 0.0869570, 0.0667940, 0.6489400, 0.9929900, 0.0960260,28.7000000
 0.0002097, 0.0000000, 0.0524190, 0.0000000, 0.2736600, 0.5708000, 0.5849600, 0.4671600, 0.0000000, 0.4484700, 0.3510600, 0.9825000, 0.1909500,16.5000000
 0.0008492, 0.0000000, 0.0890760, 0.0000000, 0.1234600, 0.8160600, 0.3501500, 0.2151200, 0.0434780, 0.1698500, 0.5744700, 0.9915000, 0.0507730,43.8000000
 0.0002148, 0.5500000, 0.1217000, 0.0000000, 0.2037000, 0.6006900, 0.5509800, 0.4185300, 0.1739100, 0.3492400, 0.5319100, 1.0000000, 0.1503900,23.9000000
 0.0003278, 0.8000000, 0.1165700, 0.0000000, 0.0144030, 0.4435700, 0.1668400, 0.7357300, 0.0000000, 0.2442700, 0.4042600, 0.9956600, 0.2075100,20.9000000
 0.0004976, 0.0000000, 0.1477300, 0.0000000, 0.1316900, 0.5418700, 0.4644700, 0.3318900, 0.0869570, 0.1145000, 0.6276600, 1.0000000, 0.2177200,23.9000000
 0.2078400, 0.0000000, 0.6466300, 0.0000000, 0.5823000, 0.1105600, 1.0000000, 0.0006729, 1.0000000, 0.9141200, 0.8085100, 1.0000000, 1.0000000,13.8000000
 0.0018127, 0.0000000, 0.2536700, 0.0000000, 0.2222200, 0.5489600, 0.5087500, 0.3101600, 0.1739100, 0.1908400, 0.7446800, 1.0000000, 0.1509400,23.8000000
 0.0014980, 0.0000000, 0.2969200, 0.0000000, 0.2777800, 0.4993300, 0.8970100, 0.1174300, 0.1739100, 0.3759500, 0.8829800, 0.9893800, 0.2924900,20.1000000
 0.0251330, 0.0000000, 0.7008800, 0.0000000, 0.4526700, 0.4393600, 0.9155500, 0.1175200, 0.1739100, 0.4122100, 0.2234000, 0.9954900, 0.2734500,22.7000000
 0.0054699, 0.0000000, 0.3460400, 0.0000000, 0.3271600, 0.5890000, 0.8197700, 0.1989600, 0.1304300, 0.2232800, 0.6170200, 1.0000000, 0.0775390,22.8000000
 0.0791740, 0.0000000, 0.6466300, 0.0000000, 0.4711900, 0.4870700, 0.8465500, 0.0811320, 1.0000000, 0.9141200, 0.8085100, 0.0055474, 0.5949200,13.4000000
 0.2327700, 0.0000000, 0.6466300, 0.0000000, 0.5637900, 0.1105600, 1.0000000, 0.0044103, 1.0000000, 0.9141200, 0.8085100, 0.9327200, 0.5963000,11.9000000
 0.0000907, 0.6000000, 0.0905430, 0.0000000, 0.0329220, 0.5830600, 0.1637500, 0.4628600, 0.0000000, 0.1488500, 0.3191500, 0.9490600, 0.0731240,29.1000000
 0.0011684, 0.2500000, 0.1711900, 0.0000000, 0.1399200, 0.5547000, 0.6683800, 0.5543300, 0.3043500, 0.1851100, 0.7553200, 1.0000000, 0.1379700,22.2000000
 0.0087432, 0.0000000, 0.2815200, 0.0000000, 0.3148100, 0.4654100, 0.8115300, 0.2844700, 0.1304300, 0.2290100, 0.8936200, 0.9744100, 0.3570600,17.5000000
 0.0069376, 0.0000000, 0.2104100, 1.0000000, 0.2510300, 0.6357500, 0.7703400, 0.1948300, 0.3043500, 0.2290100, 0.5106400, 0.9835800, 0.2262700,27.5000000
 0.0013695, 0.1250000, 0.2056500, 0.0000000, 0.0493830, 0.4453000, 0.3099900, 0.4881700, 0.1304300, 0.3015300, 0.6702100, 1.0000000, 0.1948100,20.9000000
 0.0117750, 0.0000000, 0.2815200, 0.0000000, 0.3148100, 0.4548800, 0.2718800, 0.3063600, 0.1304300, 0.2290100, 0.8936200, 0.9746600, 0.1338300,23.1000000
 0.0018402, 0.1250000, 0.2716300, 0.0000000, 0.2860100, 0.4681000, 0.8547900, 0.4967300, 0.1739100, 0.2366400, 0.2766000, 0.9743100, 0.4241200,18.9000000
 0.0003226, 0.8000000, 0.1645900, 0.0000000, 0.0534980, 0.6323100, 0.2574700, 0.3625700, 0.1304300, 0.1106900, 0.7021300, 1.0000000, 0.0441500,28.5000000
 0.0019408, 0.0000000, 0.3383400, 0.0000000, 0.4115200, 0.4041000, 0.2667400, 0.1517700, 0.2173900, 0.3893100, 0.7021300, 0.9909000, 0.4379100,23.1000000
 0.0033399, 0.0000000, 0.2536700, 0.0000000, 0.2222200, 0.5271100, 0.2677700, 0.3897700, 0.1739100, 0.1908400, 0.7446800, 1.0000000, 0.1219600,23.0000000
 0.0025106, 0.0000000, 0.3713300, 0.0000000, 0.2139900, 0.5297900, 0.5108100, 0.2932900, 0.1304300, 0.1717600, 0.6383000, 0.9948800, 0.2549700,24.4000000
 0.1578600, 0.0000000, 0.6466300, 0.0000000, 0.4362100, 0.5932200, 1.0000000, 0.0361830, 1.0000000, 0.9141200, 0.8085100, 0.0875740, 0.5378000,17.2000000
 0.0003162, 0.8250000, 0.0575510, 0.0000000, 0.0617280, 0.4983700, 0.3656000, 0.4674400, 0.0434780, 0.3072500, 0.2234000, 0.9921100, 0.1572800,24.1000000
 0.0400400, 0.0000000, 0.6466300, 0.0000000, 0.4012300, 0.5510600, 0.7425300, 0.1606700, 1.0000000, 0.9141200, 0.8085100, 0.9911000, 0.3485100,23.2000000
 0.0006694, 0.0000000, 0.0733140, 0.0000000, 0.2119300, 0.8055200, 0.8280100, 0.1465300, 0.0869570, 0.0114500, 0.5531900, 0.9966200, 0.1608700,39.8000000
 0.0412710, 0.0000000, 0.6466300, 0.0000000, 0.7921800, 0.3450900, 0.9608700, 0.0885700, 1.0000000, 0.9141200, 0.8085100, 0.9593800, 0.2334400,20.8000000
 0.0904740, 0.0000000, 0.6466300, 0.0000000, 0.4094700, 0.3575400, 0.9526300, 0.1182300, 1.0000000, 0.9141200, 0.8085100, 0.8882400, 0.4528100,13.8000000
 0.0583960, 0.0000000, 0.6466300, 1.0000000, 0.7921800, 0.4916700, 0.8290400, 0.1448700, 1.0000000, 0.9141200, 0.8085100, 0.9962900, 0.2690400,22.7000000
 0.8264300, 0.0000000, 0.6466300, 0.0000000, 0.6049400, 0.4590900, 1.0000000, 0.0611990, 1.0000000, 0.9141200, 0.8085100, 0.0406730, 0.5212500, 8.8000000
 0.0266640, 0.0000000, 0.6466300, 0.0000000, 0.4074100, 0.4426100, 0.4016500, 0.2359200, 1.0000000, 0.9141200, 0.8085100, 0.9340100, 0.3203600,20.6000000
 0.0311730, 0.0000000, 0.7008800, 0.0000000, 1.0000000, 0.2571400, 0.9773400, 0.0196690, 0.1739100, 0.4122100, 0.2234000, 1.0000000, 0.7604900,11.8000000
 0.0007723, 0.3300000, 0.0630500, 0.0000000, 0.1790100, 0.7394100, 0.7106100, 0.1791100, 0.2608700, 0.0667940, 0.6170200, 1.0000000, 0.1307900,33.4000000
 0.0005249, 0.0000000, 0.1081400, 0.0000000, 0.2139900, 0.6740800, 0.6199800, 0.2077800, 0.0434780, 0.1584000, 0.5531900, 0.9978800, 0.1095500,28.7000000
 0.1620200, 0.0000000, 0.6466300, 0.0000000, 0.7304500, 0.5556600, 0.9310000, 0.0793860, 1.0000000, 0.9141200, 0.8085100, 0.0685110, 0.4503300, 9.6000000
 0.0524050, 0.0000000, 0.6466300, 0.0000000, 0.6749000, 0.4627300, 0.8753900, 0.1319500, 1.0000000, 0.9141200, 0.8085100, 0.0256190, 0.4768200,12.7000000
 0.0880410, 0.0000000, 0.6466300, 0.0000000, 0.5555600, 0.5073800, 0.6436700, 0.1667600, 1.0000000, 0.9141200, 0.8085100, 1.0000000, 0.3170500,21.4000000
 0.0006755, 0.0000000, 0.1316000, 0.0000000, 0.2572000, 0.6321100, 0.7363500, 0.1623800, 0.1739100, 0.2080200, 0.4255300, 0.9858000, 0.1432100,29.9000000
 0.0008716, 0.0000000, 0.4534500, 0.0000000, 0.1070000, 0.4431900, 0.3470600, 0.3067200, 0.1739100, 0.4026700, 0.6489400, 0.9978800, 0.2033700,20.3000000
 0.0006178, 0.2000000, 0.1052100, 1.0000000, 0.1191400, 0.7825300, 0.4819800, 0.3712200, 0.1739100, 0.0553440, 0.2446800, 0.9500000, 0.0353200,46.0000000
 0.0083617, 0.0000000, 0.2815200, 0.0000000, 0.3148100, 0.4527700, 0.9392400, 0.2973600, 0.1304300, 0.2290100, 0.8936200, 0.9935200, 0.4020400,15.6000000
 0.0004534, 0.8000000, 0.0388560, 0.0000000, 0.0390950, 0.6794400, 0.3470600, 0.5619200, 0.0434780, 0.2709900, 0.0000000, 0.8926100, 0.1898500,30.3000000
 0.0009830, 0.1250000, 0.2716300, 0.0000000, 0.2860100, 0.4460600, 0.3717800, 0.3929600, 0.1739100, 0.2366400, 0.2766000, 0.9838600, 0.3857600,21.7000000
 0.0008297, 0.0000000, 0.2016100, 0.0000000, 0.2345700, 0.4385900, 0.3975300, 0.2550400, 0.1739100, 0.1755700, 0.7021300, 1.0000000, 0.1942600,21.0000000
 0.0185490, 0.0000000, 0.7008800, 0.0000000, 1.0000000, 0.4907100, 0.9721900, 0.0444130, 0.1739100, 0.4122100, 0.2234000, 0.9392300, 0.3413400,21.5000000
 0.0953780, 0.0000000, 0.6466300, 0.0000000, 0.4094700, 0.5340100, 0.8568500, 0.0839420, 1.0000000, 0.9141200, 0.8085100, 0.2096200, 0.4390200,14.5000000
 0.0019700, 0.0000000, 0.2536700, 0.0000000, 0.2222200, 0.5393800, 0.5293500, 0.3101600, 0.1739100, 0.1908400, 0.7446800, 1.0000000, 0.1418300,23.1000000
 0.0009606, 0.0000000, 0.1316000, 0.0000000, 0.2572000, 0.5470400, 0.8362500, 0.1379200, 0.1739100, 0.2080200, 0.4255300, 0.9964700, 0.2017100,23.6000000
 0.0640880, 0.0000000, 0.6466300, 0.0000000, 0.3024700, 0.6110400, 0.7415000, 0.2002500, 1.0000000, 0.9141200, 0.8085100, 0.9903400, 0.1658400,23.7000000
 0.0000308, 0.9000000, 0.0920090, 0.0000000, 0.0308640, 0.6758000, 0.1843500, 0.5617700, 0.0000000, 0.1870200, 0.2872300, 0.9945000, 0.1688700,32.2000000
 0.0014623, 0.0000000, 0.3713300, 0.0000000, 0.2139900, 0.4464500, 0.1997900, 0.2560500, 0.1304300, 0.1717600, 0.6383000, 1.0000000, 0.2522100,22.6000000
 0.0018532, 0.0000000, 0.2969200, 0.0000000, 0.2777800, 0.4359100, 0.9165800, 0.0983370, 0.1739100, 0.3759500, 0.8829800, 0.9969000, 0.4671600,19.5000000
 0.0052731, 0.0000000, 0.3460400, 0.0000000, 0.3271600, 0.4889800, 0.5757000, 0.2611900, 0.1304300, 0.2232800, 0.6170200, 0.9983100, 0.3035300,21.0000000
 0.0015141, 0.0000000, 0.4934000, 0.0000000, 0.1070000, 0.4270900, 0.5674600, 0.4719900, 0.1304300, 0.1946600, 0.3617000, 1.0000000, 0.3893500,20.3000000
 0.0845200, 0.0000000, 0.6466300, 0.0000000, 0.6749000, 0.5472300, 0.9824900, 0.0959730, 1.0000000, 0.9141200, 0.8085100, 0.7662800, 0.4851000,13.0000000
 0.0015560, 0.0000000, 0.3500700, 0.0000000, 0.3333300, 0.4157900, 0.6416100, 0.1481900, 0.2173900, 0.4675600, 0.5531900, 0.9863800, 0.3278100,19.3000000
 0.0004935, 0.3500000, 0.2052800, 0.0000000, 0.1088500, 0.4110000, 0.2626200, 0.5011500, 0.0000000, 0.2232800, 0.4574500, 0.9927400, 0.2952500,17.1000000
 0.0012131, 0.0000000, 0.4923000, 1.0000000, 0.3395100, 0.5388000, 0.9217300, 0.2031200, 0.1739100, 0.1698500, 0.4042600, 0.9920300, 0.2420000,23.0000000
 0.0026381, 0.0000000, 0.2536700, 0.0000000, 0.2222200, 0.4832300, 0.4201900, 0.3897700, 0.1739100, 0.1908400, 0.7446800, 1.0000000, 0.3051900,22.2000000
 0.0128740, 0.0000000, 0.2815200, 0.0000000, 0.3148100, 0.4100400, 0.9485100, 0.2416700, 0.1304300, 0.2290100, 0.8936200, 0.9038500, 0.4586100,13.1000000
 0.0017201, 0.0000000, 0.2364400, 0.0000000, 0.1296300, 0.5077600, 0.0370750, 0.4175100, 0.0869570, 0.0877860, 0.5638300, 0.9938500, 0.1575600,24.7000000
 0.2477800, 0.0000000, 0.6466300, 0.0000000, 0.7304500, 0.4324600, 0.9217300, 0.0669830, 1.0000000, 0.9141200, 0.8085100, 0.9862600, 0.5623600,10.5000000
 0.0060041, 0.2000000, 0.1286700, 0.0000000, 0.3909500, 0.7489900, 0.5118400, 0.1584400, 0.1739100, 0.1469500, 0.0425530, 0.9833600, 0.0394590,43.5000000
 0.0225230, 0.0000000, 0.7008800, 0.0000000, 0.4526700, 0.8369400, 0.9608700, 0.0833230, 0.1739100, 0.4122100, 0.2234000, 0.9304000, 0.0543600,50.0000000
 0.0088130, 0.0000000, 0.3460400, 0.0000000, 0.3271600, 0.4907100, 0.5139000, 0.1373800, 0.1304300, 0.2232800, 0.6170200, 1.0000000, 0.1172700,22.1000000
 0.0020854, 0.0000000, 0.2536700, 0.0000000, 0.2222200, 0.5499100, 0.1215200, 0.3897700, 0.1739100, 0.1908400, 0.7446800, 0.9918800, 0.0924390,24.6000000
 0.0008153, 0.8000000, 0.1645900, 0.0000000, 0.0534980, 0.6873000, 0.2554100, 0.3625700, 0.1304300, 0.1106900, 0.7021300, 1.0000000, 0.0504970,37.3000000
 0.0005121, 0.0000000, 0.1477300, 0.0000000, 0.1316900, 0.4702100, 0.4346000, 0.2998700, 0.0869570, 0.1145000, 0.6276600, 0.9977100, 0.3071200,22.5000000
 0.1217000, 0.0000000, 0.6466300, 0.0000000, 0.6049400, 0.6171700, 0.9052500, 0.0627360, 1.0000000, 0.9141200, 0.8085100, 0.0535830, 0.6639100, 7.5000000
 0.0106720, 0.0000000, 0.2815200, 0.0000000, 0.3148100, 0.4763400, 0.8846500, 0.3022500, 0.1304300, 0.2290100, 0.8936200, 0.7717500, 0.4290800,14.8000000
 0.0717860, 0.0000000, 0.6466300, 0.0000000, 0.4094700, 0.4983700, 0.9732200, 0.0978820, 1.0000000, 0.9141200, 0.8085100, 0.7626200, 0.6172700,13.3000000
 0.0006329, 0.0000000, 0.4204500, 0.0000000, 0.3868300, 0.5809500, 0.6817700, 0.1226700, 0.0000000, 0.1641200, 0.8936200, 0.9876200, 0.2190900,22.4000000
 0.0006780, 0.0000000, 0.1316000, 0.0000000, 0.2572000, 0.5719500, 0.3110200, 0.1821100, 0.1739100, 0.2080200, 0.4255300, 0.9850200, 0.0993380,29.4000000
 0.0013428, 0.4500000, 0.1092400, 0.0000000, 0.1070000, 0.5738600, 0.2698200, 0.3125500, 0.1739100, 0.4026700, 0.2766000, 0.9645500, 0.0780910,29.8000000
 0.2113600, 0.0000000, 0.6466300, 0.0000000, 0.4362100, 0.2044500, 1.0000000, 0.0385840, 1.0000000, 0.9141200, 0.8085100, 0.0717890, 0.9006600,17.9000000
 0.0048262, 0.0000000, 0.3713300, 1.0000000, 0.2139900, 0.3416400, 1.0000000, 0.2496500, 0.1304300, 0.1717600, 0.6383000, 1.0000000, 0.5894000,20.0000000
 0.0266720, 0.0000000, 0.7008800, 0.0000000, 1.0000000, 0.4922400, 1.0000000, 0.0263260, 0.1739100, 0.4122100, 0.2234000, 0.4352000, 0.7193700,13.8000000
 0.0533440, 0.0000000, 0.6466300, 0.0000000, 0.6749000, 0.5679200, 0.8609700, 0.1187800, 1.0000000, 0.9141200, 0.8085100, 0.1275900, 0.4525400,14.1000000
 0.2256800, 0.0000000, 0.6466300, 0.0000000, 0.6481500, 0.1546300, 0.9093700, 0.0281810, 1.0000000, 0.9141200, 0.8085100, 0.7199300, 0.7974600, 8.8000000
 0.0001748, 0.6000000, 0.0905430, 0.0000000, 0.0329220, 0.6206200, 0.0720910, 0.4628600, 0.0000000, 0.1488500, 0.3191500, 0.9911000, 0.0910600,31.1000000
 0.0023701, 0.0000000, 0.3713300, 1.0000000, 0.2139900, 0.4303500, 0.5242000, 0.2294300, 0.1304300, 0.1717600, 0.6383000, 0.9849700, 0.3945900,22.4000000
 0.0928510, 0.0000000, 0.6466300, 1.0000000, 0.5823000, 0.4433800, 0.8928900, 0.0000000, 1.0000000, 0.9141200, 0.8085100, 0.8763900, 0.1973000,50.0000000
 0.0012139, 0.0000000, 0.2969200, 0.0000000, 0.2777800, 0.6169800, 0.7044300, 0.1570000, 0.1739100, 0.3759500, 0.8829800, 0.9966700, 0.1639100,26.5000000
 0.0073867, 0.2000000, 0.1286700, 0.0000000, 0.5390900, 0.7227400, 1.0000000, 0.0695650, 0.1739100, 0.1469500, 0.0425530, 0.9656800, 0.1672200,36.0000000
 0.0002548, 0.4000000, 0.0289590, 0.0000000, 0.0905350, 0.6472500, 0.3254400, 0.6967900, 0.0000000, 0.2824400, 0.7553200, 0.9822200, 0.1147900,26.6000000
 0.0013147, 0.0000000, 0.3500700, 0.0000000, 0.3333300, 0.4506600, 0.9268800, 0.1112900, 0.2173900, 0.4675600, 0.5531900, 0.9950800, 0.3995600,18.8000000
 0.0004116, 0.2800000, 0.5344600, 0.0000000, 0.1625500, 0.5150400, 0.7662200, 0.2260100, 0.1304300, 0.1584000, 0.5957400, 1.0000000, 0.2444800,20.6000000
 0.0011175, 0.0000000, 1.0000000, 0.0000000, 0.4609100, 0.4640700, 0.9876400, 0.0671550, 0.1304300, 1.0000000, 0.7978700, 0.9828800, 0.4508800,13.6000000
 0.0459830, 0.0000000, 0.7008800, 0.0000000, 1.0000000, 0.3654000, 1.0000000, 0.0256620, 0.1739100, 0.4122100, 0.2234000, 1.0000000, 0.6812900,15.6000000
 0.0004124, 0.8000000, 0.0531520, 0.0000000, 0.0576130, 0.4027600, 0.1956700, 0.8598900, 0.1304300, 0.2805300, 1.0000000, 0.9644500, 0.1743900,18.2000000
 0.0008556, 0.3000000, 0.1638600, 0.0000000, 0.0884770, 0.5594900, 0.1606600, 0.4601600, 0.2173900, 0.2156500, 0.4255300, 0.9559000, 0.1277600,23.7000000
 0.0005736, 0.0000000, 0.1477300, 0.0000000, 0.1316900, 0.5880400, 0.5478900, 0.3008200, 0.0869570, 0.1145000, 0.6276600, 0.9884000, 0.1324500,26.6000000
 0.0002830, 0.9500000, 0.0370230, 0.0000000, 0.0370370, 0.6541500, 0.1277000, 0.5932400, 0.0869570, 0.4103100, 0.4680900, 1.0000000, 0.0780910,34.9000000
 0.0167470, 0.0000000, 0.7008800, 0.0000000, 1.0000000, 0.3531300, 1.0000000, 0.0420120, 0.1739100, 0.4122100, 0.2234000, 0.8605600, 0.3187100,19.6000000
 0.0521590, 0.0000000, 0.6466300, 0.0000000, 0.4711900, 0.6551100, 0.6663200, 0.1276100, 1.0000000, 0.9141200, 0.8085100, 0.9439700, 0.2740100,29.8000000
 0.0003491, 0.0000000, 0.1733900, 0.0000000, 0.2674900, 0.5267300, 0.3666300, 0.4845700, 0.1739100, 0.0706110, 0.8085100, 0.9810900, 0.1385200,20.7000000
 0.1536700, 0.0000000, 0.6466300, 0.0000000, 0.7304500, 0.4548800, 0.8753900, 0.0628360, 1.0000000, 0.9141200, 0.8085100, 0.1730500, 0.8910000, 8.4000000
 0.0059997, 0.2000000, 0.1286700, 0.0000000, 0.5390900, 0.6978300, 0.8125600, 0.0893430, 0.1739100, 0.1469500, 0.0425530, 0.9896600, 0.2168900,33.8000000
 0.0265520, 0.0000000, 0.7008800, 0.0000000, 1.0000000, 0.2615400, 0.9557200, 0.0301180, 0.1739100, 0.4122100, 0.2234000, 0.9869100, 0.7671100,14.6000000
 0.0010529, 0.3400000, 0.2063800, 0.0000000, 0.0987650, 0.6554900, 0.1524200, 0.3966700, 0.2608700, 0.2709900, 0.3723400, 0.9836900, 0.0863690,33.1000000
 0.0002708, 0.0000000, 0.1733900, 0.0000000, 0.2674900, 0.4472100, 0.5839300, 0.4078800, 0.1739100, 0.0706110, 0.8085100, 0.9947300, 0.2436500,18.5000000
 0.0024255, 0.0000000, 0.3500700, 0.0000000, 0.3333300, 0.4849600, 0.9526300, 0.1289800, 0.2173900, 0.4675600, 0.5531900, 1.0000000, 0.4238400,18.7000000
 0.0018548, 0.0000000, 0.3500700, 0.0000000, 0.3333300, 0.4535400, 0.8784800, 0.1212600, 0.2173900, 0.4675600, 0.5531900, 0.8689000, 0.3871400,18.3000000
 0.0003142, 0.0000000, 0.1733900, 0.0000000, 0.2674900, 0.4422300, 0.4469600, 0.3729700, 0.1739100, 0.0706110, 0.8085100, 1.0000000, 0.2226800,19.5000000
 0.0003311, 0.2000000, 0.1052100, 0.0000000, 0.1191400, 0.8160600, 0.6344000, 0.3241900, 0.1739100, 0.0553440, 0.2446800, 0.9758200, 0.0560150,45.4000000
 0.0151560, 0.0000000, 0.2815200, 0.0000000, 0.3148100, 0.4811300, 1.0000000, 0.2769300, 0.1304300, 0.2290100, 0.8936200, 0.9491400, 0.3120900,14.5000000
 0.0009478, 0.2000000, 0.2382700, 1.0000000, 0.1625500, 0.4520000, 0.6035000, 0.2535200, 0.0869570, 0.0687020, 0.6383000, 0.9859800, 0.3289200,20.7000000
 0.1353500, 0.0000000, 0.6466300, 0.0000000, 0.4711900, 0.3998900, 0.8723000, 0.0747120, 1.0000000, 0.9141200, 0.8085100, 0.7343500, 0.3413400,20.8000000
 0.0040787, 0.0000000, 0.3460400, 0.0000000, 0.3271600, 0.5759700, 0.8692100, 0.2248500, 0.1304300, 0.2232800, 0.6170200, 0.9969500, 0.2083300,23.8000000
 0.0011421, 0.0000000, 0.2969200, 0.0000000, 0.2777800, 0.5046900, 0.5303800, 0.1498800, 0.1739100, 0.3759500, 0.8829800, 0.9914000, 0.3109800,21.7000000
 0.0074811, 0.0000000, 0.2815200, 0.0000000, 0.3148100, 0.4315000, 0.9001000, 0.3230400, 0.1304300, 0.2290100, 0.8936200, 0.9495200, 0.3609300,16.6000000
 0.0261290, 0.0000000, 0.7008800, 0.0000000, 1.0000000, 0.3113600, 0.9361500, 0.0363740, 0.1739100, 0.4122100, 0.2234000, 0.8993600, 0.7337200,17.8000000
 0.0007000, 0.0000000, 0.0890760, 0.0000000, 0.1234600, 0.7386500, 0.6138000, 0.2151200, 0.0434780, 0.1698500, 0.5744700, 1.0000000, 0.1230700,33.2000000
 0.0069807, 0.0000000, 0.2815200, 0.0000000, 0.3148100, 0.4355200, 0.5520100, 0.3063600, 0.1304300, 0.2290100, 0.8936200, 0.9967700, 0.1859800,19.9000000
 0.0010360, 0.0000000, 0.9233900, 0.0000000, 0.4032900, 0.4441500, 0.9567500, 0.0797220, 0.0434780, 0.0019084, 0.6914900, 0.9558200, 0.4373600,18.8000000
 0.1375800, 0.0000000, 0.6466300, 0.0000000, 0.4094700, 0.4361000, 0.5849600, 0.0789310, 1.0000000, 0.9141200, 0.8085100, 0.0613500, 0.3852100,10.2000000
 0.0706050, 0.0000000, 0.6466300, 0.0000000, 0.7304500, 0.5326700, 0.9629200, 0.0856970, 1.0000000, 0.9141200, 0.8085100, 0.8010700, 0.4431600,14.9000000
 0.0024228, 0.2000000, 0.2382700, 1.0000000, 0.1625500, 0.7913400, 0.5036000, 0.2943500, 0.0869570, 0.0687020, 0.6383000, 0.9845400, 0.1338300,35.2000000
 0.0000899, 1.0000000, 0.0315250, 0.0000000, 0.0534980, 0.6236800, 0.3872300, 0.6542900, 0.1739100, 0.1316800, 0.2659600, 0.9899100, 0.0612580,31.6000000
 0.0016192, 0.0000000, 0.9233900, 0.0000000, 0.4032900, 0.4397400, 0.9691000, 0.0740940, 0.0434780, 0.0019084, 0.6914900, 0.9329500, 0.6534200,17.3000000
 0.0011802, 0.0000000, 1.0000000, 0.0000000, 0.4609100, 0.4640700, 0.8300700, 0.0891430, 0.1304300, 1.0000000, 0.7978700, 1.0000000, 0.3206400,20.1000000
 0.0003353, 0.8000000, 0.1645900, 0.0000000, 0.0534980, 0.5880400, 0.2111200, 0.3625700, 0.1304300, 0.1106900, 0.7021300, 1.0000000, 0.0819540,27.9000000
 0.0004212, 0.8000000, 0.1066700, 0.0000000, 0.0267490, 0.4265200, 0.2904200, 0.4985000, 0.1304300, 0.2862600, 0.3723400, 1.0000000, 0.2348200,19.4000000
 0.0045640, 0.0000000, 0.2104100, 0.0000000, 0.2448600, 0.6901700, 0.7930000, 0.1897000, 0.3043500, 0.2290100, 0.5106400, 0.9374100, 0.1277600,31.6000000
 0.5746800, 0.0000000, 0.6466300, 0.0000000, 0.4362100, 0.4207700, 1.0000000, 0.0257710, 1.0000000, 0.9141200, 0.8085100, 0.0057492, 0.2312400,15.0000000
 0.0005786, 0.0000000, 0.0733140, 0.0000000, 0.2119300, 0.6551100, 0.5715800, 0.1545300, 0.0869570, 0.0114500, 0.5531900, 1.0000000, 0.0913360,37.2000000
 0.0027789, 0.0000000, 0.3460400, 0.0000000, 0.3271600, 0.4108100, 0.7703400, 0.2560200, 0.1304300, 0.2232800, 0.6170200, 0.9987900, 0.2695900,16.2000000
 0.0005651, 0.0000000, 0.1081400, 0.0000000, 0.2139900, 0.6602800, 0.8589100, 0.2084300, 0.0434780, 0.1584000, 0.5531900, 1.0000000, 0.1040300,23.6000000
 0.0240850, 0.0000000, 0.7008800, 0.0000000, 1.0000000, 0.4115700, 0.9845500, 0.0448850, 0.1739100, 0.4122100, 0.2234000, 0.6597200, 0.3879700,19.4000000
 0.0372570, 0.0000000, 0.7008800, 1.0000000, 1.0000000, 0.3529400, 1.0000000, 0.0174590, 0.1739100, 0.4122100, 0.2234000, 1.0000000, 0.6923300,13.4000000
 0.0014079, 0.0000000, 0.3500700, 0.0000000, 0.3333300, 0.5010500, 0.7167900, 0.1455400, 0.2173900, 0.4675600, 0.5531900, 0.9909200, 0.2844900,21.2000000
 0.0008165, 0.0000000, 0.4534500, 0.0000000, 0.1070000, 0.5196400, 0.0319260, 0.2838900, 0.1739100, 0.4026700, 0.6489400, 0.9950100, 0.1393500,24.1000000
 0.0011057, 0.4000000, 0.2181100, 1.0000000, 0.1275700, 0.7101000, 0.4747700, 0.3326000, 0.1304300, 0.1278600, 0.5319100, 0.9807100, 0.1192100,33.2000000
 0.0007044, 0.0000000, 0.9233900, 0.0000000, 0.4032900, 0.4424200, 0.6879500, 0.1025800, 0.0434780, 0.0019084, 0.6914900, 0.9804600, 0.3487900,22.0000000
 0.0594220, 0.0000000, 0.6466300, 0.0000000, 0.6481500, 0.4771000, 0.8197700, 0.0944080, 1.0000000, 0.9141200, 0.8085100, 0.9533000, 0.4699200,23.2000000
 0.0038561, 0.0000000, 0.3460400, 0.0000000, 0.3271600, 0.4619700, 0.7600400, 0.1794100, 0.1304300, 0.2232800, 0.6170200, 0.9983400, 0.2273700,20.3000000
 0.0006557, 0.7000000, 0.0652490, 0.0000000, 0.0308640, 0.5334400, 0.1771400, 0.6091000, 0.1739100, 0.3263400, 0.2340400, 0.9277300, 0.0894040,22.5000000
 0.0016246, 0.0000000, 1.0000000, 0.0000000, 0.4609100, 0.3627100, 0.9248200, 0.0628630, 0.1304300, 1.0000000, 0.7978700, 0.9954400, 0.4506100,15.2000000
 0.0018965, 0.0000000, 0.2016100, 0.0000000, 0.2345700, 0.4608200, 0.2811500, 0.2471300, 0.1739100, 0.1755700, 0.7021300, 0.9912500, 0.2317900,24.7000000
 0.0013508, 0.2500000, 0.1711900, 0.0000000, 0.1399200, 0.6133400, 0.4171000, 0.6230200, 0.3043500, 0.1851100, 0.7553200, 0.9966700, 0.2144000,25.0000000
 0.0016259, 0.0000000, 0.3500700, 0.0000000, 0.3333300, 0.4713500, 0.8208000, 0.1471100, 0.2173900, 0.4675600, 0.5531900, 0.9939700, 0.2364800,19.2000000
 0.0032915, 0.2000000, 0.2382700, 0.0000000, 0.1625500, 0.4397400, 0.4037100, 0.3000300, 0.0869570, 0.0687020, 0.6383000, 0.9792000, 0.3109800,21.1000000
 0.0013080, 0.0000000, 0.2364400, 0.0000000, 0.1296300, 0.4805500, 0.3820800, 0.4175100, 0.0869570, 0.0877860, 0.5638300, 0.9810600, 0.2157800,21.2000000
 0.0653890, 0.0000000, 0.6466300, 0.0000000, 0.3024700, 0.5137000, 0.6364600, 0.2086600, 1.0000000, 0.9141200, 0.8085100, 1.0000000, 0.2486200,23.0000000
 0.1500900, 0.0000000, 0.6466300, 0.0000000, 0.6337400, 0.4456800, 0.9454200, 0.0593350, 1.0000000, 0.9141200, 0.8085100, 1.0000000, 0.4034200,12.7000000
 0.0018287, 0.0000000, 0.9233900, 0.0000000, 0.4032900, 0.4646500, 0.8805400, 0.0785040, 0.0434780, 0.0019084, 0.6914900, 0.9700400, 0.3609300,21.4000000
 0.0009590, 0.0000000, 0.3794000, 0.0000000, 0.0576130, 0.4797900, 0.0504630, 0.3780800, 0.1304300, 0.2251900, 0.7021300, 0.9849000, 0.1045800,22.8000000
 0.0003235, 0.9500000, 0.0813780, 0.0000000, 0.0639920, 0.8223800, 0.3120500, 0.3626800, 0.1304300, 0.0706110, 0.2234000, 0.9896100, 0.0573950,48.5000000
 0.0004119, 0.5250000, 0.1781500, 0.0000000, 0.0411520, 0.5755900, 0.2059700, 0.5626700, 0.2173900, 0.2022900, 0.4255300, 0.9365100, 0.2146800,24.8000000
 0.0000763, 0.9000000, 0.0278590, 0.0000000, 0.0370370, 0.7066500, 0.1956700, 0.6881000, 0.1739100, 0.0744270, 0.5638300, 0.9975500, 0.0849890,35.4000000
 0.0012170, 0.2000000, 0.2382700, 0.0000000, 0.1625500, 0.5704200, 0.5746700, 0.2535200, 0.0869570, 0.0687020, 0.6383000, 0.9951100, 0.1655600,24.4000000
 0.0257850, 0.0000000, 0.7008800, 0.0000000, 0.4526700, 0.5284500, 0.9598400, 0.0882430, 0.1739100, 0.4122100, 0.2234000, 0.7483200, 0.2585500,23.8000000
 0.0010242, 0.0000000, 0.2016100, 0.0000000, 0.2345700, 0.4368700, 0.6024700, 0.2044500, 0.1739100, 0.1755700, 0.7021300, 0.9512300, 0.2671100,20.0000000
 0.0001391, 0.8500000, 0.1352600, 0.0000000, 0.0905350, 0.5662000, 0.2554100, 0.6734400, 0.1304300, 0.3129800, 0.5638300, 0.9887300, 0.1277600,23.1000000
 0.0431990, 0.0000000, 0.6466300, 1.0000000, 0.7921800, 0.5430200, 0.9073100, 0.1250900, 1.0000000, 0.9141200, 0.8085100, 0.9859800, 0.3184300,21.7000000
 0.0020795, 0.2200000, 0.1979500, 0.0000000, 0.0946500, 0.3916500, 0.6931000, 0.6206600, 0.2608700, 0.2729000, 0.6914900, 0.9804100, 0.4616400,18.5000000
 0.0170020, 0.0000000, 0.7008800, 1.0000000, 0.4526700, 0.9224000, 0.9371800, 0.0938810, 0.1739100, 0.4122100, 0.2234000, 0.9786900, 0.0438740,50.0000000
 0.0142420, 0.0000000, 0.7008800, 1.0000000, 0.4526700, 0.5152300, 0.9237900, 0.0608170, 0.1739100, 0.4122100, 0.2234000, 0.8538000, 0.1040300,27.0000000
 0.1610400, 0.0000000, 0.6466300, 0.0000000, 0.4711900, 0.5112100, 0.8764200, 0.0747120, 1.0000000, 0.9141200, 0.8085100, 0.9657600, 0.3140200,21.4000000
 0.0031840, 0.0000000, 0.3383400, 0.0000000, 0.4115200, 0.3504500, 0.7209100, 0.1517700, 0.2173900, 0.3893100, 0.7021300, 1.0000000, 0.5356000,19.7000000
 0.0004888, 0.2100000, 0.1898800, 0.0000000, 0.1111100, 0.4669500, 0.1905300, 0.5169700, 0.1304300, 0.1068700, 0.4468100, 1.0000000, 0.1848800,23.4000000
 0.0019900, 0.0000000, 1.0000000, 0.0000000, 0.4609100, 0.3550500, 0.9824900, 0.0569070, 0.1304300, 1.0000000, 0.7978700, 0.8667400, 0.6136900, 7.0000000
 0.0979030, 0.0000000, 0.6466300, 0.0000000, 0.6337400, 0.5575800, 0.9876400, 0.0542060, 1.0000000, 0.9141200, 0.8085100, 0.9875900, 0.4246700,13.1000000
 0.1077800, 0.0000000, 0.6466300, 0.0000000, 0.6337400, 0.5447400, 1.0000000, 0.0463220, 1.0000000, 0.9141200, 0.8085100, 0.9475800, 0.5126900,12.1000000
 0.0041526, 0.0000000, 0.3713300, 1.0000000, 0.2139900, 0.3531300, 0.8826000, 0.2305600, 0.1304300, 0.1717600, 0.6383000, 0.9958100, 0.6139600,19.3000000
 0.0542810, 0.0000000, 0.6466300, 0.0000000, 0.4074100, 0.4491300, 0.5180200, 0.1839300, 1.0000000, 0.9141200, 0.8085100, 0.9781100, 0.2682100,20.6000000
 0.0002521, 0.2800000, 0.5344600, 0.0000000, 0.1625500, 0.5077600, 0.2677700, 0.2306400, 0.1304300, 0.1584000, 0.5957400, 0.9985600, 0.1236200,25.0000000
 0.2786900, 0.0000000, 0.6466300, 0.0000000, 0.6337400, 0.3425900, 0.9588100, 0.0521240, 1.0000000, 0.9141200, 0.8085100, 1.0000000, 0.4977900, 8.3000000
 0.0098340, 0.0000000, 0.7855600, 0.0000000, 0.4917700, 0.3977800, 0.9454200, 0.0773220, 0.1304300, 0.4771000, 0.9148900, 1.0000000, 0.4583300,14.3000000
 0.1468900, 0.0000000, 0.6466300, 0.0000000, 0.4012300, 0.4123400, 0.5540700, 0.1540500, 1.0000000, 0.9141200, 0.8085100, 1.0000000, 0.3595500,20.1000000
 0.0316070, 0.0000000, 0.6466300, 0.0000000, 0.3024700, 0.4217300, 0.3851700, 0.2699600, 1.0000000, 0.9141200, 0.8085100, 0.9899600, 0.2397900,21.8000000
 0.0095057, 0.0000000, 0.2815200, 0.0000000, 0.3148100, 0.4606200, 0.8887700, 0.2621400, 0.1304300, 0.2290100, 0.8936200, 0.9889800, 0.3338900,19.6000000
 0.0013007, 0.0000000, 0.0890760, 0.0000000, 0.1234600, 0.5870900, 0.5654000, 0.2151200, 0.0434780, 0.1698500, 0.5744700, 0.9018600, 0.1357600,28.4000000
 0.0017767, 0.2200000, 0.1979500, 0.0000000, 0.0946500, 0.5503000, 0.4758000, 0.6089800, 0.2608700, 0.2729000, 0.6914900, 0.9440500, 0.2149600,24.5000000
 0.1342600, 0.0000000, 0.6466300, 0.0000000, 0.5637900, 0.3922200, 1.0000000, 0.0141490, 1.0000000, 0.9141200, 0.8085100, 0.8365800, 0.2869800,27.9000000
 0.0002717, 0.5500000, 0.1217000, 0.0000000, 0.2037000, 0.6348000, 0.2595300, 0.4852100, 0.1739100, 0.3492400, 0.5319100, 0.9774800, 0.0794700,31.2000000
 0.0000522, 0.5500000, 0.0656160, 0.0000000, 0.0082305, 0.5541300, 0.2986600, 0.5617700, 0.0000000, 0.2156500, 0.2872300, 0.9945000, 0.1793600,22.0000000
 0.0136820, 0.0000000, 0.7008800, 0.0000000, 0.4526700, 0.6480200, 0.9732200, 0.0679920, 0.1739100, 0.4122100, 0.2234000, 0.9156000, 0.0789180,41.3000000
 0.0087600, 0.2000000, 0.1286700, 0.0000000, 0.5390900, 0.6616200, 0.8414000, 0.0912350, 0.1739100, 0.1469500, 0.0425530, 0.9676500, 0.3603800,30.7000000
 0.0035554, 0.0000000, 0.7855600, 0.0000000, 0.4917700, 0.4562200, 0.9330600, 0.0761400, 0.1304300, 0.4771000, 0.9148900, 0.9529700, 0.4186000,17.4000000
 0.0022453, 0.2200000, 0.1979500, 0.0000000, 0.0946500, 0.3893500, 0.7579800, 0.6206600, 0.2608700, 0.2729000, 0.6914900, 0.9384500, 0.2971900,17.6000000
 0.0038757, 0.0000000, 0.2536700, 0.0000000, 0.2222200, 0.4751900, 0.4840400, 0.3265900, 0.1739100, 0.1908400, 0.7446800, 1.0000000, 0.1647400,20.4000000
 0.0159460, 0.0000000, 0.7008800, 0.0000000, 1.0000000, 0.5650500, 1.0000000, 0.0578620, 0.1739100, 0.4122100, 0.2234000, 0.9178200, 0.1561800,23.3000000
 0.0006847, 0.0000000, 0.1019100, 0.0000000, 0.1543200, 0.5311400, 0.1472700, 0.3714700, 0.1304300, 0.4637400, 0.4574500, 0.9453100, 0.1548000,22.6000000
 0.0021384, 0.2200000, 0.1979500, 0.0000000, 0.0946500, 0.5106300, 0.7857900, 0.6298000, 0.2608700, 0.2729000, 0.6914900, 0.9476500, 0.2323400,20.5000000
 0.0000000, 0.1800000, 0.0678150, 0.0000000, 0.3148100, 0.5775100, 0.6416100, 0.2692000, 0.0000000, 0.2080200, 0.2872300, 1.0000000, 0.0896800,24.0000000
 0.0002928, 0.0000000, 0.0630500, 0.0000000, 0.1502100, 0.6585600, 0.4418100, 0.4485400, 0.0869570, 0.0667940, 0.6489400, 0.9942800, 0.0333890,33.4000000
 0.0008225, 0.6000000, 0.0450880, 0.0000000, 0.0534980, 0.5782700, 0.3398600, 0.8712200, 0.1304300, 0.4274800, 0.6063800, 0.9341400, 0.1037500,24.1000000
 0.0002395, 0.7500000, 0.0912760, 0.0000000, 0.0884770, 0.5813400, 0.1946400, 0.3884300, 0.0869570, 0.1240500, 0.6063800, 0.9968000, 0.0714680,30.8000000
 0.0065610, 0.0000000, 0.7855600, 0.0000000, 0.4917700, 0.5386100, 0.9783700, 0.1089200, 0.1304300, 0.4771000, 0.9148900, 0.9719100, 0.2591100,23.0000000
 0.0068025, 0.2000000, 0.1286700, 0.0000000, 0.5390900, 0.9854400, 0.8650900, 0.0610540, 0.1739100, 0.1469500, 0.0425530, 0.9818400, 0.0935430,50.0000000
 0.0007032, 0.0000000, 0.0733140, 0.0000000, 0.2119300, 0.4949200, 0.6107100, 0.1335200, 0.0869570, 0.0114500, 0.5531900, 1.0000000, 0.2130200,36.2000000
 0.0003454, 0.2000000, 0.1052100, 0.0000000, 0.1191400, 0.6528100, 0.3532400, 0.3742100, 0.1739100, 0.0553440, 0.2446800, 0.9882200, 0.0789180,35.4000000
 0.0000842, 0.8000000, 0.0000000, 0.0000000, 0.0761320, 0.8266000, 0.2996900, 0.4109200, 0.1304300, 0.1297700, 0.1914900, 0.9932700, 0.0342160,50.0000000
 0.1563100, 0.0000000, 0.6466300, 0.0000000, 0.6749000, 0.5071900, 0.9485100, 0.0993550, 1.0000000, 0.9141200, 0.8085100, 0.2529400, 0.3708600,11.7000000
 0.0025059, 0.0000000, 0.2364400, 0.0000000, 0.1296300, 0.4730800, 0.8506700, 0.4146400, 0.0869570, 0.0877860, 0.5638300, 0.9895100, 0.4710300,16.6000000
 0.0511360, 0.0000000, 0.6466300, 0.0000000, 0.6851900, 0.0000000, 0.8753900, 0.0439760, 1.0000000, 0.9141200, 0.8085100, 0.8935900, 0.1487300,27.5000000
 0.0006119, 0.0000000, 0.4204500, 0.0000000, 0.3868300, 0.6543400, 0.9073100, 0.0943810, 0.0000000, 0.1641200, 0.8936200, 1.0000000, 0.1078900,23.9000000
 0.0259370, 0.0000000, 0.7008800, 0.0000000, 0.4526700, 0.4443400, 0.9721900, 0.1145000, 0.1739100, 0.4122100, 0.2234000, 0.8770200, 0.2842200,19.1000000
 0.0070995, 0.0000000, 0.2815200, 0.0000000, 0.3148100, 0.4857300, 0.8403700, 0.3030200, 0.1304300, 0.2290100, 0.8936200, 0.9574400, 0.2353800,18.2000000
 0.0626590, 0.0000000, 0.6466300, 0.0000000, 0.6749000, 0.5508700, 0.8753900, 0.1078700, 1.0000000, 0.9141200, 0.8085100, 0.2518300, 0.3998300,14.3000000
 0.1245500, 0.0000000, 0.6466300, 0.0000000, 0.6851900, 0.5460800, 1.0000000, 0.0663190, 1.0000000, 0.9141200, 0.8085100, 0.8029400, 0.3667200,16.7000000
 0.0389790, 0.0000000, 0.6466300, 1.0000000, 0.6851900, 1.0000000, 0.8238900, 0.0704830, 1.0000000, 0.9141200, 0.8085100, 0.8932100, 0.0982340,21.9000000
 0.1300600, 0.0000000, 0.6466300, 0.0000000, 0.6481500, 0.2826200, 0.9691000, 0.0582350, 1.0000000, 0.9141200, 0.8085100, 1.0000000, 0.6608700, 9.7000000
 0.0026852, 0.0000000, 0.3460400, 0.0000000, 0.3271600, 0.4255600, 0.7085500, 0.2639000, 0.1304300, 0.2232800, 0.6170200, 1.0000000, 0.3921100,19.8000000
 0.0473880, 0.0000000, 0.6466300, 1.0000000, 0.7921800, 0.4295800, 0.8867100, 0.0704830, 1.0000000, 0.9141200, 0.8085100, 0.8894000, 0.3562400,16.8000000
 0.0015285, 0.0000000, 0.3500700, 0.0000000, 0.3333300, 0.5160000, 0.8372800, 0.1024700, 0.2173900, 0.4675600, 0.5531900, 0.9794200, 0.2406200,18.5000000
 0.1119500, 0.0000000, 0.6466300, 0.0000000, 0.7304500, 0.5602600, 1.0000000, 0.0771850, 1.0000000, 0.9141200, 0.8085100, 0.9743600, 0.4724100,15.4000000
 0.0009521, 0.0000000, 0.0733140, 0.0000000, 0.2119300, 0.6886400, 0.9196700, 0.1428600, 0.0869570, 0.0114500, 0.5531900, 0.9929900, 0.0852650,37.9000000
 0.0639030, 0.0000000, 0.6466300, 0.0000000, 0.4074100, 0.4891700, 0.7919700, 0.2197300, 1.0000000, 0.9141200, 0.8085100, 0.9893600, 0.3656200,19.1000000
 0.0004164, 0.2100000, 0.1898800, 0.0000000, 0.1111100, 0.4893700, 0.6189500, 0.5169700, 0.1304300, 0.1068700, 0.4468100, 0.9926100, 0.2124700,20.5000000
 0.0126390, 0.0000000, 0.2815200, 0.0000000, 0.3148100, 0.4123400, 0.9392400, 0.2822100, 0.1304300, 0.2290100, 0.8936200, 0.9073800, 0.5758800,12.7000000
 0.0057752, 0.2000000, 0.1286700, 0.0000000, 0.5390900, 0.9268100, 0.9124600, 0.1053800, 0.1739100, 0.1469500, 0.0425530, 0.9746800, 0.1153400,48.8000000
 0.0274610, 0.0000000, 0.7008800, 0.0000000, 0.4526700, 0.5443600, 0.9505700, 0.1030200, 0.1739100, 0.4122100, 0.2234000, 0.8314100, 0.2646200,22.3000000
 0.0040758, 0.2200000, 0.1979500, 0.0000000, 0.0946500, 0.9001700, 0.0566430, 0.7072100, 0.2608700, 0.2729000, 0.6914900, 1.0000000, 0.0499450,42.8000000
 0.0070073, 0.0000000, 0.2815200, 0.0000000, 0.3148100, 0.4575600, 0.6065900, 0.3253600, 0.1304300, 0.2290100, 0.8936200, 1.0000000, 0.1801900,20.4000000
 0.0509790, 0.0000000, 0.6466300, 0.0000000, 0.7921800, 0.5435900, 0.8764200, 0.1262700, 1.0000000, 0.9141200, 0.8085100, 0.9436700, 0.1672200,25.0000000
 0.0002789, 0.0000000, 0.1440600, 0.0000000, 0.1172800, 0.4700100, 0.4696200, 0.6259900, 0.0869570, 0.3148900, 0.6595700, 0.9716100, 0.2428300,17.5000000
 0.0003006, 0.0000000, 0.1733900, 0.0000000, 0.2674900, 0.4786400, 0.3542700, 0.3348800, 0.1739100, 0.0706110, 0.8085100, 0.9980800, 0.1870900,20.6000000
 0.0610860, 0.0000000, 0.6466300, 0.0000000, 0.6749000, 0.5928300, 0.9814600, 0.1114500, 1.0000000, 0.9141200, 0.8085100, 0.8950800, 0.4415000,15.2000000
 0.0024509, 0.0000000, 0.3383400, 0.0000000, 0.4115200, 0.4725000, 0.7909400, 0.1244500, 0.2173900, 0.3893100, 0.7021300, 1.0000000, 0.3476800,16.8000000
 0.0028703, 0.0000000, 0.3460400, 0.0000000, 0.3271600, 0.4717400, 0.9011300, 0.1549900, 0.1304300, 0.2232800, 0.6170200, 0.9984900, 0.2756600,19.4000000
 0.0022608, 0.0000000, 1.0000000, 0.0000000, 0.4609100, 0.2935400, 0.9794000, 0.0630180, 0.1304300, 1.0000000, 0.7978700, 0.8021300, 0.7712500, 8.1000000
 0.1054800, 0.0000000, 0.6466300, 0.0000000, 0.7304500, 0.3958600, 0.9371800, 0.0625270, 1.0000000, 0.9141200, 0.8085100, 1.0000000, 0.5836100,12.8000000
 0.2814400, 0.0000000, 0.6466300, 0.0000000, 0.6337400, 0.4648400, 1.0000000, 0.0417570, 1.0000000, 0.9141200, 0.8085100, 1.0000000, 0.6909500, 5.6000000
 0.0012023, 0.3000000, 0.1638600, 0.0000000, 0.0884770, 0.6392000, 0.5293500, 0.4734500, 0.2173900, 0.2156500, 0.4255300, 0.9857500, 0.2662800,22.0000000
 0.1068600, 0.0000000, 0.6466300, 0.0000000, 0.6749000, 0.6068200, 0.9392400, 0.1242600, 1.0000000, 0.9141200, 0.8085100, 0.0160370, 0.4685400,14.9000000
 0.1130300, 0.0000000, 0.6466300, 0.0000000, 0.4094700, 0.6269400, 0.9413000, 0.0871700, 1.0000000, 0.9141200, 0.8085100, 0.2042700, 0.4955800,14.1000000
 0.0029567, 0.0000000, 0.3460400, 0.0000000, 0.3271600, 0.5183000, 0.8228600, 0.1939800, 0.1304300, 0.2232800, 0.6170200, 0.9911500, 0.1702500,21.6000000
 0.1327000, 0.0000000, 0.6466300, 0.0000000, 0.6851900, 0.6252200, 0.7579800, 0.0604170, 1.0000000, 0.9141200, 0.8085100, 0.1213600, 0.5797500, 8.4000000
 0.0031986, 0.0000000, 0.7855600, 0.0000000, 0.4917700, 0.5006700, 0.9340900, 0.0438580, 0.1304300, 0.4771000, 0.9148900, 0.9777600, 0.6189300,14.0000000
 0.0005540, 0.7000000, 0.0652490, 0.0000000, 0.0308640, 0.6667900, 0.0731200, 0.6091000, 0.1739100, 0.3263400, 0.2340400, 0.9361500, 0.0830570,29.0000000
 0.0414390, 0.0000000, 0.6466300, 0.0000000, 0.6749000, 0.5393800, 0.8805400, 0.1307200, 1.0000000, 0.9141200, 0.8085100, 0.9862100, 0.3565100,17.7000000
 0.0025002, 0.0000000, 0.2969200, 0.0000000, 0.2777800, 0.5449300, 0.8496400, 0.1441400, 0.1739100, 0.3759500, 0.8829800, 0.1777200, 0.2455800,18.6000000
 0.2915000, 0.0000000, 0.6466300, 0.0000000, 0.6049400, 0.3339700, 0.8877400, 0.0470950, 1.0000000, 0.9141200, 0.8085100, 0.3203400, 0.6873600,10.4000000
 0.0000977, 0.8000000, 0.0568180, 0.0000000, 0.1028800, 0.5890000, 0.2760000, 0.6560400, 0.1304300, 0.1774800, 0.4680900, 0.9849700, 0.1175500,24.5000000
 0.1049000, 0.0000000, 0.6466300, 0.0000000, 0.6049400, 0.5401400, 0.9546900, 0.0762580, 1.0000000, 0.9141200, 0.8085100, 0.1523000, 0.6167200, 9.5000000
 0.0001018, 0.9000000, 0.1206000, 0.0000000, 0.0185190, 0.7459300, 0.3223500, 0.4734500, 0.0869570, 0.1087800, 0.3510600, 0.9733700, 0.0380790,44.0000000
 0.1519200, 0.0000000, 0.6466300, 0.0000000, 0.5061700, 0.0578650, 1.0000000, 0.0346460, 1.0000000, 0.9141200, 0.8085100, 0.3305800, 0.3200900,23.1000000
 0.0003265, 0.3400000, 0.2063800, 0.0000000, 0.0987650, 0.5803800, 0.3862000, 0.3966700, 0.2608700, 0.2709900, 0.3723400, 0.9971000, 0.2144000,22.0000000
 0.0005636, 0.0000000, 0.4534500, 0.0000000, 0.1070000, 0.5117800, 0.5231700, 0.3532400, 0.1739100, 0.4026700, 0.6489400, 0.9735200, 0.2927700,21.2000000
 0.0014929, 0.0000000, 0.1316000, 0.0000000, 0.2572000, 0.3853200, 0.8815700, 0.1333600, 0.1739100, 0.2080200, 0.4255300, 1.0000000, 0.3576200,23.1000000
 0.0546820, 0.0000000, 0.6466300, 0.0000000, 0.4711900, 0.5600700, 0.9340900, 0.1069100, 1.0000000, 0.9141200, 0.8085100, 0.9982600, 0.4677200,16.7000000
 0.0024567, 0.1250000, 0.2716300, 0.0000000, 0.2860100, 0.5395700, 0.9413000, 0.4744200, 0.1739100, 0.2366400, 0.2766000, 0.9889600, 0.5165600,15.0000000
 0.0010084, 0.4000000, 0.2181100, 0.0000000, 0.1275700, 0.6309600, 0.4109200, 0.2853300, 0.1304300, 0.1278600, 0.5319100, 1.0000000, 0.0344920,32.0000000
 0.0015084, 0.0000000, 0.3713300, 0.0000000, 0.2139900, 0.5391800, 0.3027800, 0.2560500, 0.1304300, 0.1717600, 0.6383000, 0.9720400, 0.2110900,28.1000000
 0.2741100, 0.0000000, 0.6466300, 0.0000000, 0.6481500, 0.2090400, 1.0000000, 0.0307000, 1.0000000, 0.9141200, 0.8085100, 1.0000000, 0.7326200,10.5000000
 0.0001736, 0.8250000, 0.0575510, 0.0000000, 0.0617280, 0.7758200, 0.1318200, 0.4674400, 0.0434780, 0.3072500, 0.2234000, 0.9961700, 0.0380790,42.3000000
 0.0327940, 0.0000000, 0.7008800, 0.0000000, 0.4526700, 0.4866800, 0.9279100, 0.1049200, 0.1739100, 0.4122100, 0.2234000, 0.6047700, 0.2229600,25.0000000
 0.0007172, 0.0000000, 0.4923000, 0.0000000, 0.3395100, 0.5903400, 0.8465500, 0.2083800, 0.1739100, 0.1698500, 0.4042600, 0.9896100, 0.2196500,28.7000000
 0.0201640, 0.0000000, 0.7008800, 0.0000000, 0.4526700, 0.4437600, 0.7857900, 0.1178800, 0.1739100, 0.4122100, 0.2234000, 0.5731300, 0.2872500,23.8000000
 0.0013967, 0.0000000, 0.3500700, 0.0000000, 0.3333300, 0.4428100, 0.7229700, 0.1225700, 0.2173900, 0.4675600, 0.5531900, 0.8530700, 0.3763800,20.4000000
 0.1705200, 0.0000000, 0.6466300, 0.0000000, 0.7304500, 0.4964600, 1.0000000, 0.0713470, 1.0000000, 0.9141200, 0.8085100, 0.0226940, 0.6821200, 8.7000000
 0.1114800, 0.0000000, 0.6466300, 0.0000000, 0.7304500, 0.5154200, 0.9649800, 0.0971550, 1.0000000, 0.9141200, 0.8085100, 0.9788700, 0.4059100,12.6000000
 0.0005003, 0.0000000, 0.1733900, 0.0000000, 0.2674900, 0.5278800, 0.3625100, 0.4845700, 0.1739100, 0.0706110, 0.8085100, 0.9818700, 0.1090000,22.2000000
 0.0003742, 0.0000000, 0.1733900, 0.0000000, 0.2674900, 0.4744200, 0.3254400, 0.4415500, 0.1739100, 0.0706110, 0.8085100, 1.0000000, 0.1732900,21.1000000
 0.1047900, 0.0000000, 0.6466300, 0.0000000, 0.6749000, 0.5027800, 0.9866100, 0.1029400, 1.0000000, 0.9141200, 0.8085100, 1.0000000, 0.4525400,14.1000000
 0.0004378, 0.0000000, 0.4204500, 0.0000000, 0.3868300, 0.4903200, 0.7600400, 0.1052900, 0.0000000, 0.1641200, 0.8936200, 1.0000000, 0.2028100,20.6000000
 0.0005314, 0.2100000, 0.1898800, 0.0000000, 0.1111100, 0.5652400, 0.1874400, 0.5169700, 0.1304300, 0.1068700, 0.4468100, 1.0000000, 0.0979580,25.0000000
 0.0008141, 0.4500000, 0.1092400, 0.0000000, 0.1070000, 0.6171700, 0.3934100, 0.2418000, 0.1739100, 0.4026700, 0.2766000, 0.9923600, 0.1365900,32.0000000
 0.0430540, 0.0000000, 0.6466300, 0.0000000, 0.7921800, 0.5154200, 0.9083400, 0.1060200, 1.0000000, 0.9141200, 0.8085100, 0.8833800, 0.3438200,19.9000000
 0.0987500, 0.0000000, 0.6466300, 0.0000000, 0.4094700, 0.3839800, 0.6972200, 0.0849240, 1.0000000, 0.9141200, 0.8085100, 0.0083968, 0.4257700,11.7000000
 0.0057802, 0.0000000, 0.2104100, 1.0000000, 0.2510300, 0.5882400, 0.7579800, 0.2744800, 0.3043500, 0.2290100, 0.5106400, 0.9786900, 0.2155100,25.1000000
 0.1037000, 0.0000000, 0.6466300, 0.0000000, 0.5061700, 0.5087200, 1.0000000, 0.0035919, 1.0000000, 0.9141200, 0.8085100, 0.9224600, 0.2152300,50.0000000
 0.0009689, 0.3000000, 0.1638600, 0.0000000, 0.0884770, 0.5834500, 0.4047400, 0.4601600, 0.2173900, 0.2156500, 0.4255300, 0.9669200, 0.1556300,23.3000000
 0.0897630, 0.0000000, 0.6466300, 0.0000000, 0.6481500, 0.3753600, 1.0000000, 0.0366920, 1.0000000, 0.9141200, 0.8085100, 1.0000000, 0.6299700,12.3000000
 0.0009482, 0.4500000, 0.1092400, 0.0000000, 0.1070000, 0.6495500, 0.1915600, 0.4865200, 0.1739100, 0.4026700, 0.2766000, 0.9515400, 0.0929910,37.0000000
 0.4309900, 0.0000000, 0.6466300, 0.0000000, 0.6337400, 0.3625200, 1.0000000, 0.0327360, 1.0000000, 0.9141200, 0.8085100, 1.0000000, 0.7963600, 5.0000000
 0.0008530, 0.2200000, 0.1979500, 0.0000000, 0.0946500, 0.6507000, 0.0401650, 0.7072100, 0.2608700, 0.2729000, 0.6914900, 0.9727400, 0.0496690,29.6000000
 0.0007051, 0.0000000, 0.0630500, 0.0000000, 0.1502100, 0.6871000, 0.5283200, 0.4485400, 0.0869570, 0.0667940, 0.6489400, 1.0000000, 0.0993380,36.2000000
 0.0018589, 0.2500000, 0.1711900, 0.0000000, 0.1399200, 0.4608200, 0.9320300, 0.5173200, 0.3043500, 0.1851100, 0.7553200, 0.9525400, 0.3507200,16.0000000
 0.0061116, 0.2000000, 0.1286700, 0.0000000, 0.5390900, 0.6984100, 0.9134900, 0.0727930, 0.1739100, 0.1469500, 0.0425530, 0.9772800, 0.1757700,36.5000000
 0.0013679, 0.0000000, 0.2969200, 0.0000000, 0.2777800, 0.5581500, 0.9701300, 0.1185200, 0.1739100, 0.3759500, 0.8829800, 0.9958100, 0.2908400,19.8000000
 0.0001482, 0.1750000, 0.0337240, 0.0000000, 0.0639920, 0.6788700, 0.5829000, 0.7359600, 0.0869570, 0.0553440, 0.6383000, 0.9907700, 0.1743900,33.0000000
 0.0488080, 0.0000000, 0.6466300, 0.0000000, 0.4012300, 0.4993300, 0.8352200, 0.1731200, 1.0000000, 0.9141200, 0.8085100, 1.0000000, 0.4017700,19.9000000
 0.0036361, 0.0000000, 0.7855600, 0.0000000, 0.4917700, 0.4332200, 0.9526300, 0.1218800, 0.1304300, 0.4771000, 0.9148900, 0.9793000, 0.3670000,18.4000000
 0.0158200, 0.0000000, 0.7008800, 1.0000000, 1.0000000, 0.4920500, 0.9588100, 0.0563610, 0.1739100, 0.4122100, 0.2234000, 0.8086600, 0.3694800,17.0000000
 0.0788610, 0.0000000, 0.6466300, 0.0000000, 0.6851900, 0.4684800, 0.9516000, 0.0677460, 1.0000000, 0.9141200, 0.8085100, 0.8060400, 0.3854900,14.2000000
 0.0006203, 0.0000000, 0.1733900, 0.0000000, 0.2674900, 0.4612000, 0.5726100, 0.3348800, 0.1739100, 0.0706110, 0.8085100, 1.0000000, 0.2086100,18.7000000
 0.1009000, 0.0000000, 0.6466300, 1.0000000, 0.7921800, 0.5079500, 0.9732200, 0.0902620, 1.0000000, 0.9141200, 0.8085100, 0.9516600, 0.4379100,17.8000000
 0.5141000, 0.0000000, 0.6466300, 0.0000000, 0.6337400, 0.1835600, 1.0000000, 0.0480680, 1.0000000, 0.9141200, 0.8085100, 0.2217700, 0.9726800, 7.0000000
 0.0659290, 0.0000000, 0.6466300, 0.0000000, 0.6337400, 0.5449300, 0.9588100, 0.0497590, 1.0000000, 0.9141200, 0.8085100, 1.0000000, 0.4867500,12.5000000
 0.0089512, 0.0000000, 0.2815200, 0.0000000, 0.3148100, 0.3631000, 0.3470600, 0.2425100, 0.1304300, 0.2290100, 0.8936200, 0.7279000, 0.2748300,20.2000000
 0.0781820, 0.0000000, 0.6466300, 0.0000000, 0.6481500, 0.4123400, 0.9691000, 0.0724660, 1.0000000, 0.9141200, 0.8085100, 0.9937700, 0.4243900,15.1000000
 0.1783500, 0.0000000, 0.6466300, 0.0000000, 0.5884800, 0.5717600, 0.9907300, 0.0354280, 1.0000000, 0.9141200, 0.8085100, 1.0000000, 0.5339400,10.9000000
 0.0004449, 0.5250000, 0.1781500, 0.0000000, 0.0411520, 0.5276900, 0.4397500, 0.5626700, 0.2173900, 0.2022900, 0.4255300, 1.0000000, 0.1619800,22.3000000
 0.0009213, 0.1250000, 0.2716300, 0.0000000, 0.2860100, 0.4696300, 0.6560200, 0.4029200, 0.1739100, 0.2366400, 0.2766000, 0.9967200, 0.2952500,22.9000000
 0.0182340, 0.0000000, 0.7855600, 0.0000000, 0.4917700, 0.2793600, 1.0000000, 0.0281720, 0.1304300, 0.4771000, 0.9148900, 1.0000000, 0.9017700,14.4000000
 0.0048945, 0.0000000, 0.2104100, 0.0000000, 0.2448600, 0.5731000, 0.1905300, 0.2041900, 0.3043500, 0.2290100, 0.5106400, 0.9582400, 0.0560150,31.5000000
 0.2007500, 0.0000000, 0.6466300, 0.0000000, 0.5884800, 0.5100600, 1.0000000, 0.0233250, 1.0000000, 0.9141200, 0.8085100, 0.9920300, 0.5532600,10.2000000
 0.0036431, 0.0000000, 0.2104100, 0.0000000, 0.2510300, 0.4838100, 0.6035000, 0.2293600, 0.3043500, 0.2290100, 0.5106400, 0.9491900, 0.2524800,24.0000000
 0.0002357, 0.0000000, 0.2423000, 0.0000000, 0.1728400, 0.6943900, 0.5993800, 0.3489600, 0.0434780, 0.1049600, 0.5531900, 0.9897400, 0.0634660,34.7000000
 0.0001288, 0.9500000, 0.0370230, 0.0000000, 0.0370370, 0.6848100, 0.1132900, 0.5932400, 0.0869570, 0.4103100, 0.4680900, 0.9682300, 0.0750550,32.9000000
 0.1687900, 0.0000000, 0.6466300, 0.0000000, 0.4711900, 0.3339700, 0.9721900, 0.0883070, 1.0000000, 0.9141200, 0.8085100, 0.8804300, 0.6396200,12.0000000
 0.0306580, 0.0000000, 0.7008800, 0.0000000, 1.0000000, 0.3901100, 0.9474800, 0.0360190, 0.1739100, 0.4122100, 0.2234000, 0.8864000, 0.5441500,15.4000000
 0.0653570, 0.0000000, 0.6466300, 0.0000000, 0.6749000, 0.5656300, 0.8959800, 0.1520400, 1.0000000, 0.9141200, 0.8085100, 0.9922300, 0.2362000,20.2000000
 0.0049634, 0.0000000, 0.2104100, 1.0000000, 0.2510300, 0.6064400, 0.6549900, 0.2293600, 0.3043500, 0.2290100, 0.5106400, 0.9074600, 0.1743900,29.0000000
 0.0045115, 0.0000000, 0.2104100, 1.0000000, 0.2510300, 0.4987500, 0.9104000, 0.1744500, 0.3043500, 0.2290100, 0.5106400, 0.9958100, 0.5444300,21.7000000
 0.0004397, 0.0000000, 0.1019100, 0.0000000, 0.1543200, 0.4949200, 0.3017500, 0.4313900, 0.1304300, 0.4637400, 0.4574500, 0.9285600, 0.2030900,19.8000000
 0.0006216, 0.0000000, 0.1440600, 0.0000000, 0.1172800, 0.4477900, 0.5087500, 0.6259900, 0.0869570, 0.3148900, 0.6595700, 0.9185800, 0.3018800,17.2000000
 0.0139990, 0.0000000, 0.2815200, 0.0000000, 0.3148100, 0.3849400, 0.9804300, 0.2426400, 0.1304300, 0.2290100, 0.8936200, 0.9487400, 0.5322800,13.6000000
 0.0056818, 0.0000000, 0.2104100, 0.0000000, 0.2510300, 0.7275300, 0.7075200, 0.2744800, 0.3043500, 0.2290100, 0.5106400, 0.9827800, 0.0827810,31.5000000
 0.0003065, 0.7500000, 0.0912760, 0.0000000, 0.0884770, 0.6635400, 0.1328500, 0.3884300, 0.0869570, 0.1240500, 0.6063800, 0.9967700, 0.0068985,34.9000000
 0.0060492, 0.0000000, 0.7855600, 0.0000000, 0.4917700, 0.4962600, 0.9783700, 0.0490230, 0.1304300, 0.4771000, 0.9148900, 1.0000000, 0.4616400,17.8000000
 0.0086172, 0.0000000, 0.2815200, 0.0000000, 0.3148100, 0.5621800, 0.9423300, 0.3023700, 0.1304300, 0.2290100, 0.8936200, 0.9774100, 0.3054600,18.4000000
 0.1781900, 0.0000000, 0.6466300, 0.0000000, 0.6049400, 0.4474000, 0.9526300, 0.0709290, 1.0000000, 0.9141200, 0.8085100, 0.0185590, 0.6252800, 8.3000000
 0.0643460, 0.0000000, 0.6466300, 0.0000000, 0.3024700, 0.6706300, 0.7631300, 0.2074200, 1.0000000, 0.9141200, 0.8085100, 0.9959200, 0.1457000,25.0000000
 0.0035062, 0.0000000, 0.3460400, 0.0000000, 0.3271600, 0.4508500, 0.8269800, 0.2608900, 0.1304300, 0.2232800, 0.6170200, 0.9843700, 0.4580600,17.8000000
 0.0014524, 0.1250000, 0.2056500, 0.0000000, 0.0493830, 0.3895400, 0.3491200, 0.4881700, 0.1304300, 0.3015300, 0.6702100, 1.0000000, 0.3134700,17.4000000
 0.0008257, 0.4000000, 0.2181100, 0.0000000, 0.1275700, 0.5596900, 0.3007200, 0.2737800, 0.1304300, 0.1278600, 0.5319100, 1.0000000, 0.1506600,29.1000000
 0.0003185, 0.3500000, 0.2052800, 0.0000000, 0.1088500, 0.4732700, 0.2100900, 0.5011500, 0.0000000, 0.2232800, 0.4574500, 0.9126300, 0.1683200,19.4000000
 0.0016073, 0.2500000, 0.1711900, 0.0000000, 0.1399200, 0.4177000, 0.6519100, 0.5543200, 0.3043500, 0.1851100, 0.7553200, 0.9954900, 0.3151200,18.7000000
 0.1438200, 0.0000000, 0.6466300, 0.0000000, 0.7304500, 0.4393600, 0.9649800, 0.0696560, 1.0000000, 0.9141200, 0.8085100, 0.6056800, 0.6087200,10.8000000
 0.0008628, 0.0000000, 0.0733140, 0.0000000, 0.2119300, 0.3914500, 0.8949500, 0.1689800, 0.0869570, 0.0114500, 0.5531900, 0.9851200, 0.3380200,26.4000000
 0.0540160, 0.0000000, 0.6466300, 0.0000000, 0.6749000, 0.6016500, 0.8970100, 0.1334800, 1.0000000, 0.9141200, 0.8085100, 0.6427700, 0.4053500,16.4000000
 0.4232400, 0.0000000, 0.6466300, 0.0000000, 0.6049400, 0.5060400, 0.7806400, 0.0666820, 1.0000000, 0.9141200, 0.8085100, 0.0466490, 0.3529200,10.9000000
 0.0926360, 0.0000000, 0.6466300, 0.0000000, 0.6749000, 0.7342400, 0.9927900, 0.1203200, 1.0000000, 0.9141200, 0.8085100, 0.9469700, 0.4141800,17.8000000
 0.0125910, 0.0000000, 0.7008800, 1.0000000, 1.0000000, 0.2780200, 0.8764200, 0.0437030, 0.1739100, 0.4122100, 0.2234000, 0.8647900, 0.2867000,15.3000000
 0.0111960, 0.0000000, 0.2815200, 0.0000000, 0.3148100, 0.5964700, 0.8692100, 0.2827500, 0.1304300, 0.2290100, 0.8936200, 0.9579700, 0.2828400,21.0000000
 0.0010538, 0.0000000, 0.0733140, 0.0000000, 0.2119300, 0.5752100, 0.9546900, 0.1561700, 0.0869570, 0.0114500, 0.5531900, 1.0000000, 0.1090000,32.5000000
 0.0205400, 0.0000000, 0.7008800, 1.0000000, 0.4526700, 0.8126100, 0.9814600, 0.0828510, 0.1739100, 0.4122100, 0.2234000, 0.9816200, 0.0052428,50.0000000
 0.0004833, 0.3300000, 0.0630500, 0.0000000, 0.1790100, 0.6300100, 0.6941300, 0.1867000, 0.2608700, 0.0667940, 0.6170200, 1.0000000, 0.1600400,28.2000000
 0.0020727, 0.2200000, 0.1979500, 0.0000000, 0.0946500, 0.6049100, 0.1503600, 0.6089800, 0.2608700, 0.2729000, 0.6914900, 0.9920300, 0.1332800,26.2000000
 0.0135000, 0.0000000, 0.7008800, 0.0000000, 0.4526700, 0.4433800, 0.9443900, 0.1178800, 0.1739100, 0.4122100, 0.2234000, 0.7362200, 0.3504400,17.4000000
 0.0723590, 0.0000000, 0.6466300, 0.0000000, 0.4094700, 0.5487600, 0.7404700, 0.0973730, 1.0000000, 0.9141200, 0.8085100, 0.2461800, 0.2842200,16.1000000
 0.0549840, 0.0000000, 0.6466300, 0.0000000, 0.5061700, 0.2699800, 1.0000000, 0.0184510, 1.0000000, 0.9141200, 0.8085100, 0.9460900, 0.0422190,50.0000000
 0.0044476, 0.0000000, 0.3460400, 0.0000000, 0.3271600, 0.5405300, 0.6622000, 0.2185100, 0.1304300, 0.2232800, 0.6170200, 0.9957400, 0.2381300,23.1000000
 0.0001498, 0.8000000, 0.0476540, 0.0000000, 0.0000000, 0.5114000, 0.2945400, 0.7238000, 0.0000000, 0.1030500, 0.5957400, 0.8605600, 0.3090500,20.1000000
 0.0042241, 0.0000000, 0.2104100, 0.0000000, 0.2448600, 0.8582100, 0.8609700, 0.1897000, 0.3043500, 0.2290100, 0.5106400, 0.9759900, 0.0386310,37.6000000
 0.1253700, 0.0000000, 0.6466300, 0.0000000, 0.7304500, 0.5878500, 0.9443900, 0.0904890, 1.0000000, 0.9141200, 0.8085100, 0.2761900, 0.5943700,13.4000000
 0.0018769, 0.0000000, 0.3383400, 0.0000000, 0.4115200, 0.4111900, 0.5262600, 0.1138600, 0.2173900, 0.3893100, 0.7021300, 1.0000000, 0.2836600,21.8000000
 0.0005586, 0.0000000, 0.0733140, 0.0000000, 0.2119300, 0.8181600, 0.5221400, 0.1882000, 0.0869570, 0.0114500, 0.5531900, 0.9892300, 0.0750550,50.0000000
 0.0003525, 0.8000000, 0.0388560, 0.0000000, 0.0390950, 0.7114400, 0.3645700, 0.5619200, 0.0434780, 0.2709900, 0.0000000, 0.9881500, 0.1349300,34.6000000
 0.2032000, 0.0000000, 0.6466300, 0.0000000, 0.6049400, 0.5504900, 1.0000000, 0.0641180, 1.0000000, 0.9141200, 0.8085100, 0.0679060, 0.7538600, 7.2000000
 0.0009210, 0.0000000, 0.3794000, 0.0000000, 0.0576130, 0.5472300, 0.0381050, 0.3780800, 0.1304300, 0.2251900, 0.7021300, 0.9667900, 0.1376900,24.2000000
 0.0005448, 0.3300000, 0.0630500, 0.0000000, 0.1790100, 0.5853600, 0.5684900, 0.2037300, 0.2608700, 0.0667940, 0.6170200, 0.9910700, 0.1986800,28.4000000
 0.0005387, 0.0000000, 0.1316000, 0.0000000, 0.2572000, 0.5276900, 0.7260600, 0.1989600, 0.1739100, 0.2080200, 0.4255300, 0.9967200, 0.1258300,24.6000000
 0.0004305, 0.2500000, 0.1612900, 0.0000000, 0.0843620, 0.5859400, 0.6951600, 0.3883900, 0.1304300, 0.1793900, 0.6808500, 0.9968000, 0.1514900,23.9000000
 0.1599400, 0.0000000, 0.6466300, 0.0000000, 0.6337400, 0.5330500, 1.0000000, 0.0404200, 1.0000000, 0.9141200, 0.8085100, 1.0000000, 0.5129700, 7.2000000
 0.0027613, 0.0000000, 0.3713300, 0.0000000, 0.2139900, 0.4257500, 0.7188500, 0.2932900, 0.1304300, 0.1717600, 0.6383000, 0.9811600, 0.4506100,22.5000000
 0.0636580, 0.0000000, 0.6466300, 1.0000000, 0.5061700, 0.5982000, 0.9670400, 0.0206510, 1.0000000, 0.9141200, 0.8085100, 0.9456100, 0.0551880,50.0000000
 0.0478250, 0.0000000, 0.6466300, 0.0000000, 0.7921800, 0.4887900, 0.8074200, 0.1254400, 1.0000000, 0.9141200, 0.8085100, 0.9844700, 0.3018800,22.6000000
 0.0015194, 0.0000000, 0.2364400, 0.0000000, 0.1296300, 0.4997100, 0.0381050, 0.4175100, 0.0869570, 0.0877860, 0.5638300, 0.9658800, 0.1125800,25.3000000
 0.0004706, 0.8000000, 0.1165700, 0.0000000, 0.0144030, 0.4880200, 0.2996900, 0.7357300, 0.0000000, 0.2442700, 0.4042600, 0.9898900, 0.1335500,21.9000000
 0.0636180, 0.0000000, 0.6466300, 0.0000000, 0.7304500, 0.5092900, 1.0000000, 0.0795860, 1.0000000, 0.9141200, 0.8085100, 0.9969500, 0.4100400,18.4000000
 0.0018557, 0.0000000, 0.2364400, 0.0000000, 0.1296300, 0.4064000, 0.3182300, 0.3610800, 0.0869570, 0.0877860, 0.5638300, 1.0000000, 0.2340000,19.3000000
 0.0042827, 0.0000000, 0.9233900, 0.0000000, 0.4032900, 0.3931800, 0.9546900, 0.0570710, 0.0434780, 0.0019084, 0.6914900, 0.9051600, 0.7044700,15.7000000
 0.4667100, 0.0000000, 0.6466300, 0.0000000, 0.6337400, 0.3774700, 0.8496400, 0.0434490, 1.0000000, 0.9141200, 0.8085100, 0.8299500, 0.7077800, 8.5000000
 0.1113900, 0.0000000, 0.6466300, 0.0000000, 0.6337400, 0.4389700, 0.7713700, 0.0337190, 1.0000000, 0.9141200, 0.8085100, 0.8518800, 0.7792500, 6.3000000
 0.0020461, 0.0000000, 0.2364400, 0.0000000, 0.1296300, 0.4263300, 0.3130800, 0.3610800, 0.0869570, 0.0877860, 0.5638300, 1.0000000, 0.3427200,20.0000000
 0.0037627, 0.0000000, 0.2536700, 0.0000000, 0.2222200, 0.5468500, 0.3831100, 0.3265900, 0.1739100, 0.1908400, 0.7446800, 1.0000000, 0.1211400,25.0000000
 0.0414820, 0.0000000, 0.6466300, 0.0000000, 0.6851900, 0.2686300, 0.9114300, 0.0566250, 1.0000000, 0.9141200, 0.8085100, 0.7960800, 0.3385800,21.9000000
 0.0861610, 0.0000000, 0.6466300, 0.0000000, 0.6337400, 0.4188500, 0.9886700, 0.0458130, 1.0000000, 0.9141200, 0.8085100, 0.9904200, 0.5019300, 8.5000000
 0.0000752, 0.3500000, 0.0388560, 0.0000000, 0.1172800, 0.7051200, 0.4778600, 0.5372700, 0.0000000, 0.1851100, 0.3085100, 0.9945500, 0.1037500,32.7000000
 0.0017510, 0.2000000, 0.2382700, 0.0000000, 0.1625500, 0.5133200, 0.1380000, 0.3000300, 0.0869570, 0.0687020, 0.6383000, 1.0000000, 0.1341100,25.2000000
 0.0004415, 0.0000000, 0.4923000, 1.0000000, 0.3395100, 0.4458700, 0.5468600, 0.1802800, 0.1739100, 0.1698500, 0.4042600, 0.9896600, 0.3250600,23.3000000
 0.0005488, 0.3300000, 0.0630500, 0.0000000, 0.1790100, 0.7041600, 0.3934100, 0.2630200, 0.2608700, 0.0667940, 0.6170200, 0.9918800, 0.1434900,36.1000000
 0.0007343, 0.0000000, 0.9233900, 0.0000000, 0.4032900, 0.4681000, 0.8362500, 0.0971000, 0.0434780, 0.0019084, 0.6914900, 0.9515100, 0.3460300,20.3000000
 0.0870620, 0.0000000, 0.6466300, 0.0000000, 0.6749000, 0.5250000, 0.8321300, 0.1503600, 1.0000000, 0.9141200, 0.8085100, 0.6855900, 0.4001100,14.9000000
 0.0002359, 0.0000000, 0.2423000, 0.0000000, 0.1728400, 0.5480000, 0.7827000, 0.3489600, 0.0434780, 0.1049600, 0.5531900, 1.0000000, 0.2044700,21.6000000
 0.0003281, 0.2500000, 0.1612900, 0.0000000, 0.0843620, 0.4993300, 0.4510800, 0.3883900, 0.1304300, 0.1793900, 0.6808500, 0.9842200, 0.1594900,22.9000000
 0.0831470, 0.0000000, 0.6466300, 0.0000000, 0.4362100, 0.3939500, 0.9783700, 0.0295630, 1.0000000, 0.9141200, 0.8085100, 0.7925800, 0.6807400,17.2000000
 0.0000818, 0.7500000, 0.1297700, 0.0000000, 0.0514400, 0.4458700, 0.4603500, 0.5628900, 0.0869570, 0.5381700, 0.9042600, 1.0000000, 0.3606500,18.9000000
 0.0109010, 0.0000000, 0.7855600, 0.0000000, 0.4917700, 0.4207700, 0.9835200, 0.1106100, 0.1304300, 0.4771000, 0.9148900, 0.6617600, 0.4299100,15.6000000
 0.0003641, 0.5250000, 0.1781500, 0.0000000, 0.0411520, 0.5073800, 0.2924800, 0.5626700, 0.2173900, 0.2022900, 0.4255300, 1.0000000, 0.1492800,23.2000000
 0.2657300, 0.0000000, 0.6466300, 0.0000000, 0.5884800, 0.5401400, 0.9608700, 0.0233250, 1.0000000, 0.9141200, 0.8085100, 1.0000000, 0.6059600,13.1000000
 0.1622100, 0.0000000, 0.6466300, 0.0000000, 0.4362100, 0.6305800, 1.0000000, 0.0305450, 1.0000000, 0.9141200, 0.8085100, 0.4514600, 0.4980700,27.5000000
 0.0016649, 0.2500000, 0.1711900, 0.0000000, 0.1399200, 0.4951100, 0.2708500, 0.6079200, 0.3043500, 0.1851100, 0.7553200, 0.9843200, 0.1415600,23.3000000
 0.0014196, 0.0000000, 0.2969200, 0.0000000, 0.2777800, 0.4387800, 0.9660100, 0.0888700, 0.1739100, 0.3759500, 0.8829800, 0.9928100, 0.4067300,19.5000000
 0.1247800, 0.0000000, 0.6466300, 0.0000000, 0.5823000, 0.2577100, 1.0000000, 0.0040557, 1.0000000, 0.9141200, 0.8085100, 1.0000000, 0.9117000,13.8000000
 0.0000977, 0.9000000, 0.0274930, 1.0000000, 0.0329220, 0.8357900, 0.2255400, 0.4324300, 0.0000000, 0.0209920, 0.1063800, 0.9965200, 0.0394590,50.0000000
 0.0010898, 0.2500000, 0.1711900, 0.0000000, 0.1399200, 0.4533400, 0.4562300, 0.5276400, 0.3043500, 0.1851100, 0.7553200, 1.0000000, 0.2066800,19.6000000
 0.0008579, 0.0000000, 0.4934000, 0.0000000, 0.1070000, 0.4916700, 0.1596300, 0.3976700, 0.1304300, 0.1946600, 0.3617000, 1.0000000, 0.1890200,23.9000000
 0.0039538, 0.0000000, 0.2104100, 1.0000000, 0.2510300, 0.6495500, 0.8815700, 0.1575100, 0.3043500, 0.2290100, 0.5106400, 0.9868900, 0.2202000,26.7000000
 0.0093764, 0.0000000, 0.2815200, 0.0000000, 0.3148100, 0.3905000, 0.8527300, 0.3023600, 0.1304300, 0.2290100, 0.8936200, 0.7642800, 0.4078400,13.9000000
 0.1750000, 0.0000000, 0.6466300, 0.0000000, 0.4012300, 0.4531500, 0.7013400, 0.1617500, 1.0000000, 0.9141200, 0.8085100, 0.9289900, 0.4525400,19.1000000
 0.0015537, 0.1250000, 0.2716300, 0.0000000, 0.2860100, 0.5002900, 0.9598400, 0.4383900, 0.1739100, 0.2366400, 0.2766000, 1.0000000, 0.4806800,27.1000000
 0.0026166, 0.0000000, 0.3383400, 0.0000000, 0.4115200, 0.4709700, 0.6426400, 0.1163500, 0.2173900, 0.3893100, 0.7021300, 1.0000000, 0.3087700,21.2000000
 0.0021547, 0.0000000, 0.3713300, 0.0000000, 0.2139900, 0.5022000, 0.4068000, 0.2560500, 0.1304300, 0.1717600, 0.6383000, 0.9917500, 0.2135800,25.0000000
 0.0133370, 0.0000000, 0.7855600, 0.0000000, 0.4917700, 0.5297900, 0.9763100, 0.1037900, 0.1304300, 0.4771000, 0.9148900, 1.0000000, 0.2905600,19.6000000
 0.0354870, 0.0000000, 0.6466300, 0.0000000, 0.5555600, 0.4211500, 0.4665300, 0.1761300, 1.0000000, 0.9141200, 0.8085100, 0.8424000, 0.3421600,19.9000000
 0.0037486, 0.2200000, 0.1979500, 0.0000000, 0.0946500, 0.4880200, 0.3295600, 0.6298000, 0.2608700, 0.2729000, 0.6914900, 0.9830600, 0.2050200,24.3000000
 0.0423590, 0.0000000, 0.6466300, 0.0000000, 0.5555600, 0.4581300, 0.8424300, 0.1584000, 1.0000000, 0.9141200, 0.8085100, 0.0546930, 0.4255000,19.0000000
 0.0029455, 0.0000000, 0.3383400, 0.0000000, 0.4115200, 0.4278600, 0.6972200, 0.1603300, 0.2173900, 0.3893100, 0.7021300, 1.0000000, 0.3413400,18.3000000
 0.0006176, 0.4000000, 0.2181100, 1.0000000, 0.1275700, 0.6256000, 0.2543800, 0.3394800, 0.1304300, 0.1278600, 0.5319100, 0.9913000, 0.0670530,33.1000000
 0.0010701, 0.0000000, 0.4534500, 0.0000000, 0.1070000, 0.5207900, 0.7373800, 0.2657700, 0.1739100, 0.4026700, 0.6489400, 0.9414000, 0.2825600,20.0000000
 0.0027367, 0.0000000, 0.7855600, 0.0000000, 0.4917700, 0.4399300, 0.9814600, 0.0490140, 0.1304300, 0.4771000, 0.9148900, 0.9877500, 0.5405600,13.3000000
 0.0010855, 0.3000000, 0.1638600, 0.0000000, 0.0884770, 0.5359300, 0.5149300, 0.5370500, 0.2173900, 0.2156500, 0.4255300, 0.9391000, 0.2618700,22.2000000
 0.0032805, 0.0000000, 0.2104100, 0.0000000, 0.2448600, 0.7903800, 0.1452100, 0.2041900, 0.3043500, 0.2290100, 0.5106400, 0.9511100, 0.0604300,46.7000000
 0.0037512, 0.0000000, 0.7855600, 0.0000000, 0.4917700, 0.5550900, 0.9886700, 0.0899250, 0.1304300, 0.4771000, 0.9148900, 0.9953100, 0.2999400,19.2000000
 0.0009263, 0.2100000, 0.1898800, 0.0000000, 0.1111100, 0.4602400, 0.4407800, 0.5169700, 0.1304300, 0.1068700, 0.4468100, 0.9966200, 0.3234000,19.7000000
 0.0009704, 0.3400000, 0.2063800, 0.0000000, 0.0987650, 0.5621800, 0.1596300, 0.3966700, 0.2608700, 0.2709900, 0.3723400, 0.9664900, 0.1915000,26.4000000
 0.0011217, 0.3000000, 0.1638600, 0.0000000, 0.0884770, 0.4855300, 0.6405800, 0.4734500, 0.2173900, 0.2156500, 0.4255300, 0.9942500, 0.2944300,20.1000000
 0.0005633, 0.4000000, 0.2181100, 1.0000000, 0.1275700, 0.6125700, 0.3089600, 0.2680800, 0.1304300, 0.1278600, 0.5319100, 1.0000000, 0.0496690,32.4000000
 0.0068380, 0.0000000, 0.2104100, 0.0000000, 0.2510300, 0.5857400, 0.8022700, 0.1948300, 0.3043500, 0.2290100, 0.5106400, 1.0000000, 0.1619800,30.1000000
 0.0006502, 0.0000000, 0.2016100, 0.0000000, 0.2345700, 0.4544900, 0.6725000, 0.2028500, 0.1739100, 0.1755700, 0.7021300, 1.0000000, 0.2193700,18.9000000
 0.0015999, 0.0000000, 0.2969200, 0.0000000, 0.2777800, 0.6066300, 0.7930000, 0.1498800, 0.1739100, 0.3759500, 0.8829800, 0.9946000, 0.2122000,27.5000000
 0.0035867, 0.0000000, 0.7855600, 0.0000000, 0.4917700, 0.5499100, 0.9876400, 0.0620990, 0.1304300, 0.4771000, 0.9148900, 1.0000000, 0.3769300,18.0000000
 0.0496340, 0.0000000, 0.6466300, 0.0000000, 0.4094700, 0.4679100, 0.9433600, 0.1282800, 1.0000000, 0.9141200, 0.8085100, 0.8345600, 0.5405600,19.1000000
 0.0006727, 0.0000000, 0.1019100, 0.0000000, 0.1543200, 0.4420400, 0.2358400, 0.3714700, 0.1304300, 0.4637400, 0.4574500, 0.9635400, 0.2273700,19.3000000
 0.0007057, 0.4500000, 0.1092400, 0.0000000, 0.1070000, 0.6089300, 0.2873300, 0.4865200, 0.1739100, 0.4026700, 0.2766000, 0.9818700, 0.0816780,30.5000000
 0.0005468, 0.0000000, 0.1733900, 0.0000000, 0.2674900, 0.4644600, 0.4376900, 0.3348800, 0.1739100, 0.0706110, 0.8085100, 1.0000000, 0.2210300,19.0000000
 0.0005796, 0.1250000, 0.2056500, 0.0000000, 0.0493830, 0.4439500, 0.1905300, 0.4881700, 0.1304300, 0.3015300, 0.6702100, 0.9982600, 0.1757700,22.0000000
 0.0001599, 0.8500000, 0.0102640, 0.0000000, 0.0514400, 0.5407200, 0.3378000, 0.7327500, 0.0434780, 0.2404600, 0.5000000, 1.0000000, 0.1114800,24.7000000
 0.0915530, 0.0000000, 0.6466300, 0.0000000, 0.6481500, 0.3504500, 0.9886700, 0.0544240, 1.0000000, 0.9141200, 0.8085100, 1.0000000, 0.5275900,11.5000000
 0.0004618, 0.0000000, 0.4204500, 0.0000000, 0.3868300, 0.4730800, 0.8022700, 0.1250700, 0.0000000, 0.1641200, 0.8936200, 1.0000000, 0.1697000,11.9000000
 0.0180570, 0.0000000, 0.2815200, 0.0000000, 0.3148100, 0.4857300, 0.9680700, 0.2391800, 0.1304300, 0.2290100, 0.8936200, 0.6253200, 0.5135200,13.5000000
 0.1092300, 0.0000000, 0.6466300, 0.0000000, 0.7304500, 0.5451200, 0.9711600, 0.0850690, 1.0000000, 0.9141200, 0.8085100, 0.9724100, 0.4908900,17.1000000
 0.0003402, 0.2500000, 0.1612900, 0.0000000, 0.0843620, 0.5252000, 0.3017500, 0.3883900, 0.1304300, 0.1793900, 0.6808500, 1.0000000, 0.1376900,24.8000000
 0.0038891, 0.0000000, 0.7855600, 0.0000000, 0.4917700, 0.5543200, 0.9835200, 0.0654910, 0.1304300, 0.4771000, 0.9148900, 0.9928900, 0.3548600,17.1000000
 0.0023033, 0.1250000, 0.2716300, 0.0000000, 0.2860100, 0.3966300, 1.0000000, 0.4503500, 0.1739100, 0.2366400, 0.2766000, 0.9741000, 0.7781500,16.5000000
 0.0921020, 0.0000000, 0.6466300, 0.0000000, 0.6749000, 0.4550700, 0.7971200, 0.1500100, 1.0000000, 0.9141200, 0.8085100, 0.0080186, 0.4197000,13.5000000
 0.0011607, 0.0000000, 0.4204500, 0.0000000, 0.3868300, 0.6194700, 0.8898000, 0.1145100, 0.0000000, 0.1641200, 0.8936200, 0.9913000, 0.1310700,22.0000000
 0.0008697, 0.4500000, 0.1092400, 0.0000000, 0.1070000, 0.6943900, 0.3707500, 0.3125500, 0.1739100, 0.4026700, 0.2766000, 1.0000000, 0.1009900,34.9000000
 0.1103400, 0.0000000, 0.6466300, 0.0000000, 0.5884800, 0.6194700, 0.9876400, 0.0207690, 1.0000000, 0.9141200, 0.8085100, 1.0000000, 0.5383600,13.3000000
 0.0027824, 0.0000000, 0.2364400, 0.0000000, 0.1296300, 0.3521700, 0.9516000, 0.4310700, 0.0869570, 0.0877860, 0.5638300, 1.0000000, 0.8024300,14.4000000
 0.0006271, 0.4000000, 0.0289590, 0.0000000, 0.0905350, 0.5612200, 0.4273900, 0.6967900, 0.0000000, 0.2824400, 0.7553200, 1.0000000, 0.1172700,22.9000000
 0.0034732, 0.0000000, 0.2104100, 0.0000000, 0.2448600, 0.9015100, 0.7765200, 0.1604800, 0.3043500, 0.2290100, 0.5106400, 0.9701200, 0.0665010,44.8000000
 0.0007327, 0.0000000, 0.1477300, 0.0000000, 0.1316900, 0.4905200, 0.5551000, 0.2380700, 0.0869570, 0.1145000, 0.6276600, 0.9955900, 0.1851500,22.2000000
 0.0012493, 0.1250000, 0.2716300, 0.0000000, 0.2860100, 0.4690600, 0.8238900, 0.4635000, 0.1739100, 0.2366400, 0.2766000, 1.0000000, 0.3184300,18.9000000
 0.0058515, 0.0000000, 0.2104100, 0.0000000, 0.2448600, 0.9894600, 0.8249200, 0.1604800, 0.3043500, 0.2290100, 0.5106400, 0.9624300, 0.0800220,50.0000000
 0.0827340, 0.0000000, 0.6466300, 0.0000000, 0.6049400, 0.5043100, 0.7744600, 0.0732930, 1.0000000, 0.9141200, 0.8085100, 0.2431000, 0.5460800,11.0000000
 0.0022936, 0.2000000, 0.1052100, 0.0000000, 0.1191400, 0.6229200, 0.3017500, 0.2701800, 0.1739100, 0.0553440, 0.2446800, 1.0000000, 0.0860930,35.1000000
 0.0453200, 0.0000000, 0.6466300, 0.0000000, 0.3024700, 0.5112100, 0.9042200, 0.1791100, 1.0000000, 0.9141200, 0.8085100, 0.9960400, 0.3074000,19.6000000
 0.0023074, 0.0000000, 0.2969200, 0.0000000, 0.2777800, 0.4935800, 0.8702400, 0.1441400, 0.1739100, 0.3759500, 0.8829800, 0.9938700, 0.3231200,19.3000000
 0.0004014, 0.2800000, 0.5344600, 0.0000000, 0.1625500, 0.5520200, 0.5221400, 0.2306400, 0.1304300, 0.1584000, 0.5957400, 0.9952300, 0.1774300,22.9000000
 0.0005328, 0.0000000, 0.4934000, 0.0000000, 0.1070000, 0.5725200, 0.4953700, 0.4392900, 0.1304300, 0.1946600, 0.3617000, 0.9897900, 0.1561800,27.1000000
 0.0274290, 0.0000000, 0.7008800, 0.0000000, 1.0000000, 0.3278400, 0.9382100, 0.0551790, 0.1739100, 0.4122100, 0.2234000, 0.2226800, 0.3976300,13.1000000
 0.0013825, 0.0000000, 0.4934000, 0.0000000, 0.1070000, 0.5972400, 0.2904200, 0.4392900, 0.1304300, 0.1946600, 0.3617000, 1.0000000, 0.1252800,28.6000000
 0.0028921, 0.0000000, 0.2969200, 0.0000000, 0.2777800, 0.5112100, 0.9093700, 0.1287200, 0.1739100, 0.3759500, 0.8829800, 0.9857000, 0.3813500,19.4000000
 0.0031834, 0.0000000, 0.3713300, 0.0000000, 0.2139900, 0.3546700, 0.0710610, 0.2235100, 0.1304300, 0.1717600, 0.6383000, 0.8790400, 0.7676600,23.7000000
 0.0008784, 0.0000000, 0.1316000, 0.0000000, 0.2572000, 0.4403100, 0.6776500, 0.1429800, 0.1739100, 0.2080200, 0.4255300, 0.9907500, 0.2182700,22.6000000
 0.0763720, 0.0000000, 0.6466300, 0.0000000, 0.6749000, 0.4828500, 0.8393400, 0.1444000, 1.0000000, 0.9141200, 0.8085100, 1.0000000, 0.3578900,20.0000000
 0.0001211, 0.9000000, 0.0571850, 0.0000000, 0.0514400, 0.6068200, 0.3419200, 1.0000000, 0.1739100, 0.0000000, 0.4680900, 0.9686300, 0.0764350,30.1000000
 0.0150220, 0.0000000, 0.7008800, 0.0000000, 0.4526700, 0.4799800, 1.0000000, 0.0570800, 0.1739100, 0.4122100, 0.2234000, 0.8915500, 0.1296900,24.3000000
 0.0011731, 0.0000000, 0.4923000, 1.0000000, 0.3395100, 0.4579400, 0.9361500, 0.1600200, 0.1739100, 0.1698500, 0.4042600, 1.0000000, 0.4467400,21.5000000
 0.0036546, 0.0000000, 0.2104100, 0.0000000, 0.2510300, 0.8978700, 0.6951600, 0.2293600, 0.3043500, 0.2290100, 0.5106400, 0.9547400, 0.0612580,48.3000000
 0.0021251, 0.0000000, 0.3794000, 0.0000000, 0.0576130, 0.5142700, 0.0339860, 0.3780800, 0.1304300, 0.2251900, 0.7021300, 0.9502500, 0.1603200,23.4000000
 0.0030713, 0.0000000, 0.3383400, 0.0000000, 0.4115200, 0.4531500, 0.4088600, 0.1138600, 0.2173900, 0.3893100, 0.7021300, 1.0000000, 0.3272600,24.5000000
 0.0004254, 0.7000000, 0.0652490, 0.0000000, 0.0308640, 0.6342200, 0.4582900, 0.6091000, 0.1739100, 0.3263400, 0.2340400, 0.9847700, 0.1197600,24.8000000
 0.0013628, 0.3000000, 0.1638600, 0.0000000, 0.0884770, 0.5426300, 0.0504630, 0.5370500, 0.2173900, 0.2156500, 0.4255300, 0.9440500, 0.0954750,23.7000000
 0.3220100, 0.0000000, 0.6466300, 0.0000000, 0.4362100, 0.3054200, 1.0000000, 0.0418120, 1.0000000, 0.9141200, 0.8085100, 0.5311700, 0.5063500,16.3000000
 0.0003709, 0.0000000, 0.1081400, 0.0000000, 0.2139900, 0.5449300, 0.7312000, 0.1784600, 0.0434780, 0.1584000, 0.5531900, 0.9915500, 0.1785300,22.0000000
 0.0163770, 0.0000000, 0.7008800, 0.0000000, 0.4526700, 0.7526300, 0.9052500, 0.0765030, 0.1739100, 0.4122100, 0.2234000, 0.9433400, 0.0000000,50.0000000
 0.0412200, 0.0000000, 0.6466300, 0.0000000, 0.4074100, 0.5271100, 0.5046300, 0.2602600, 1.0000000, 0.9141200, 0.8085100, 0.9791200, 0.2442100,21.2000000
 0.1031900, 0.0000000, 0.6466300, 0.0000000, 0.6481500, 0.3784200, 1.0000000, 0.0409930, 1.0000000, 0.9141200, 0.8085100, 1.0000000, 0.6034800,11.3000000
 0.0064294, 0.2000000, 0.1286700, 0.0000000, 0.3909500, 0.9074500, 0.6601400, 0.1174900, 0.1739100, 0.1469500, 0.0425530, 0.9688300, 0.1575600,50.0000000
 1.0000000, 0.0000000, 0.6466300, 0.0000000, 0.5884800, 0.6528100, 0.9165800, 0.0260890, 1.0000000, 0.9141200, 0.8085100, 1.0000000, 0.4271500,10.4000000
 0.0003318, 0.8000000, 0.1066700, 0.0000000, 0.0267490, 0.5229000, 0.1534500, 0.4985000, 0.1304300, 0.2862600, 0.3723400, 1.0000000, 0.0811260,23.5000000
 0.2203300, 0.0000000, 0.6466300, 0.0000000, 0.5884800, 0.7189100, 0.9783700, 0.0169780, 1.0000000, 0.9141200, 0.8085100, 1.0000000, 0.3231200,15.0000000
 0.0004554, 0.0000000, 0.1081400, 0.0000000, 0.2139900, 0.5472300, 0.6508800, 0.1784800, 0.0434780, 0.1584000, 0.5531900, 0.9881000, 0.1953600,22.6000000
 0.0092047, 0.2000000, 0.1286700, 0.0000000, 0.5390900, 0.7215900, 0.9433600, 0.0863150, 0.1739100, 0.1469500, 0.0425530, 0.9912200, 0.2626900,31.0000000
 0.0023353, 0.2200000, 0.1979500, 0.0000000, 0.0946500, 0.5512600, 0.0617920, 0.5699000, 0.2608700, 0.2729000, 0.6914900, 0.9500000, 0.0513250,24.8000000
 0.0013614, 0.0000000, 0.2364400, 0.0000000, 0.1296300, 0.6148700, 0.0000000, 0.4175100, 0.0869570, 0.0877860, 0.5638300, 0.9710300, 0.0858170,26.6000000
 0.0051325, 0.0000000, 0.2104100, 0.0000000, 0.2448600, 0.7378800, 0.7621000, 0.2311500, 0.3043500, 0.2290100, 0.5106400, 0.9476500, 0.0971300,31.7000000
 0.0059647, 0.0000000, 0.2104100, 0.0000000, 0.2448600, 0.4636900, 0.6714700, 0.2311500, 0.3043500, 0.2290100, 0.5106400, 0.9532300, 0.2737300,24.3000000
 0.0734230, 0.0000000, 0.6466300, 1.0000000, 0.5061700, 0.6620000, 0.9742500, 0.0066200, 1.0000000, 0.9141200, 0.8085100, 0.9877700, 0.0339400,50.0000000
 0.0061983, 0.0000000, 0.7855600, 0.0000000, 0.4917700, 0.5315200, 0.9814600, 0.0892160, 0.1304300, 0.4771000, 0.9148900, 0.9943800, 0.4202500,18.1000000
 0.0031202, 0.0000000, 0.2536700, 0.0000000, 0.2222200, 0.4113800, 0.7353200, 0.3265900, 0.1739100, 0.1908400, 0.7446800, 0.9854500, 0.2762100,18.5000000
 0.2539100, 0.0000000, 0.6466300, 0.0000000, 0.6481500, 0.2757200, 0.8918600, 0.0353550, 1.0000000, 0.9141200, 0.8085100, 1.0000000, 0.8349900, 7.4000000
 0.1717600, 0.0000000, 0.6466300, 0.0000000, 0.5884800, 0.5916800, 0.9310000, 0.0195780, 1.0000000, 0.9141200, 0.8085100, 0.9145700, 0.5935400,13.9000000
 0.0754350, 0.0000000, 0.6466300, 0.0000000, 0.6749000, 0.6108400, 0.9237900, 0.1085800, 1.0000000, 0.9141200, 0.8085100, 0.0000000, 0.4335000,13.4000000
 0.0010624, 0.0000000, 0.3500700, 0.0000000, 0.3333300, 0.6043300, 0.8105000, 0.1407600, 0.2173900, 0.4675600, 0.5531900, 0.9967000, 0.2326200,22.8000000
 0.1610400, 0.0000000, 0.6466300, 0.0000000, 0.6481500, 0.2527300, 1.0000000, 0.0418210, 1.0000000, 0.9141200, 0.8085100, 0.9395300, 0.7971900,10.2000000
 0.1888900, 0.0000000, 0.6466300, 0.0000000, 0.6481500, 0.3288000, 0.9804300, 0.0269620, 1.0000000, 0.9141200, 0.8085100, 1.0000000, 0.8024300, 7.2000000
 0.0007182, 0.0000000, 0.1316000, 0.0000000, 0.2572000, 0.4711600, 0.4562300, 0.2205400, 0.1739100, 0.2080200, 0.4255300, 0.9907500, 0.2312400,23.2000000
 0.0001548, 0.9500000, 0.0813780, 0.0000000, 0.0639920, 0.8570600, 0.2986600, 0.3626800, 0.1304300, 0.0706110, 0.2234000, 0.9839900, 0.0317330,50.0000000
